(defvar *ponderations* '((150 300 120 90 60 30 )(210 120 150 60 60 180)))	(defvar *peso* 60)							0.7769607843137255
(defvar *ponderations* '((120 300 240 30 240 180 )(270 180 90 60 180 30)))	(defvar *peso* 30)							0.7598039215686274
(defvar *ponderations* '((210 150 300 180 120 30 )(300 270 210 90 90 300)))	(defvar *peso* 60)							0.7794117647058824
(defvar *ponderations* '((300 30 120 240 270 210 )(300 300 120 90 60 270)))	(defvar *peso* 90)							0.8137254901960784
(defvar *ponderations* '((300 300 30 210 120 270 )(270 150 150 180 30 300)))	(defvar *peso* 210)							0.7990196078431373
(defvar *ponderations* '((30 150 30 210 270 150 )(210 270 210 150 30 300)))	(defvar *peso* 60)							0.7696078431372549
(defvar *ponderations* '((300 180 240 90 180 90 )(90 90 120 150 30 240)))	(defvar *peso* 90)							0.7794117647058824
(defvar *ponderations* '((270 240 240 90 30 120 )(270 300 300 210 30 300)))	(defvar *peso* 90)							0.7818627450980392
(defvar *ponderations* '((270 120 150 30 300 60 )(150 180 150 30 30 30)))	(defvar *peso* 120)							0.7965686274509803
(defvar *ponderations* '((120 60 180 240 150 270 )(270 210 120 60 30 30)))	(defvar *peso* 30)							0.8382352941176471
(defvar *ponderations* '((300 120 120 120 240 90 )(300 300 270 180 60 270)))	(defvar *peso* 180)							0.8431372549019608
(defvar *ponderations* '((270 30 270 60 90 240 )(270 300 90 90 30 300)))	(defvar *peso* 150)							0.7524509803921569
(defvar *ponderations* '((270 300 60 150 30 60 )(120 150 180 60 60 240)))	(defvar *peso* 90)							0.8431372549019608
(defvar *ponderations* '((300 240 270 90 150 210 )(30 150 120 30 30 240)))	(defvar *peso* 60)							0.7647058823529411
(defvar *ponderations* '((150 210 210 150 90 60 )(270 270 210 180 90 270)))	(defvar *peso* 90)							0.7671568627450981
(defvar *ponderations* '((300 90 210 300 240 30 )(240 210 270 120 90 240)))	(defvar *peso* 90)							0.8161764705882353
(defvar *ponderations* '((120 180 210 150 120 60 )(300 210 210 120 30 210)))	(defvar *peso* 150)							0.8406862745098039
(defvar *ponderations* '((90 60 120 30 120 240 )(150 90 180 30 30 240)))	(defvar *peso* 60)							0.7745098039215687
(defvar *ponderations* '((270 210 90 90 150 180 )(240 270 240 90 60 210)))	(defvar *peso* 90)							0.7549019607843137
(defvar *ponderations* '((300 120 180 300 150 30 )(240 90 210 60 30 60)))	(defvar *peso* 30)							0.7549019607843137
(defvar *ponderations* '((150 270 300 120 240 300 )(240 240 150 120 30 60)))	(defvar *peso* 120)							0.7818627450980392
(defvar *ponderations* '((180 300 180 300 270 240 )(300 60 90 60 30 30)))	(defvar *peso* 60)							0.8455882352941176
(defvar *ponderations* '((60 120 240 210 300 60 )(180 120 120 30 30 60)))	(defvar *peso* 60)							0.7671568627450981
(defvar *ponderations* '((240 30 30 180 180 60 )(210 120 240 120 60 300)))	(defvar *peso* 60)							0.8186274509803921
(defvar *ponderations* '((240 90 300 60 30 120 )(270 60 240 30 30 210)))	(defvar *peso* 150)							0.7549019607843137
(defvar *ponderations* '((90 210 30 120 180 270 )(210 240 150 60 60 180)))	(defvar *peso* 90)							0.7573529411764706
(defvar *ponderations* '((90 60 210 90 300 120 )(300 180 120 150 30 240)))	(defvar *peso* 60)							0.7622549019607843
(defvar *ponderations* '((180 300 180 120 30 60 )(300 300 270 60 120 30)))	(defvar *peso* 30)							0.7892156862745098
(defvar *ponderations* '((120 300 90 60 120 270 )(120 150 210 90 30 300)))	(defvar *peso* 60)							0.7720588235294118
(defvar *ponderations* '((120 210 150 150 30 210 )(240 180 150 30 30 150)))	(defvar *peso* 120)							0.7916666666666666
(defvar *ponderations* '((30 120 240 270 150 90 )(210 90 120 60 60 270)))	(defvar *peso* 30)							0.7524509803921569
(defvar *ponderations* '((210 60 270 270 60 270 )(120 240 150 90 30 300)))	(defvar *peso* 30)							0.7794117647058824
