(defvar *ponderations* '((180 150 180 150 120 150)(300 210 150 210 270 90)))		0.605
(defvar *ponderations* '((60 180 240 90 90 90)(270 240 300 120 30 210)))		0.575
(defvar *ponderations* '((60 300 240 90 240 300)(300 90 150 90 270 120)))		0.585
(defvar *ponderations* '((90 120 90 210 90 90)(30 210 270 30 60 180)))		0.58
(defvar *ponderations* '((90 180 270 210 270 300)(180 60 120 270 210 210)))		0.575
(defvar *ponderations* '((300 240 180 240 240 60)(240 240 270 60 300 120)))		0.575
(defvar *ponderations* '((30 180 60 90 90 150)(210 90 210 120 30 120)))		0.615
(defvar *ponderations* '((30 150 300 300 150 180)(300 210 60 120 240 300)))		0.575
(defvar *ponderations* '((90 120 270 90 270 120)(180 180 30 300 150 120)))		0.58
(defvar *ponderations* '((300 210 90 90 90 150)(300 270 210 120 300 210)))		0.58
(defvar *ponderations* '((90 180 270 150 90 240)(180 300 240 120 150 150)))		0.585
(defvar *ponderations* '((150 150 30 150 150 180)(30 240 270 180 210 270)))		0.59
(defvar *ponderations* '((180 300 240 210 60 30)(30 90 30 270 120 30)))		0.585
(defvar *ponderations* '((150 180 240 60 60 150)(240 150 300 270 90 210)))		0.595
(defvar *ponderations* '((30 240 180 90 90 60)(120 180 60 270 90 180)))		0.585
(defvar *ponderations* '((120 240 90 240 270 270)(150 240 60 30 150 120)))		0.575
(defvar *ponderations* '((210 210 60 270 30 30)(300 180 270 150 180 180)))		0.58
(defvar *ponderations* '((150 30 180 210 30 210)(270 300 180 90 270 30)))		0.58
(defvar *ponderations* '((240 90 270 150 30 210)(60 180 30 210 120 120)))		0.575
(defvar *ponderations* '((240 30 180 300 210 150)(270 270 90 150 300 270)))		0.585
(defvar *ponderations* '((240 270 240 210 30 90)(180 210 30 240 240 60)))		0.575
(defvar *ponderations* '((270 90 90 30 30 180)(240 300 90 30 300 180)))		0.575
(defvar *ponderations* '((120 120 60 90 210 150)(120 150 180 180 90 60)))		0.595
(defvar *ponderations* '((210 240 90 120 210 300)(150 90 180 210 300 90)))		0.575
(defvar *ponderations* '((240 270 60 210 180 120)(150 210 240 210 180 300)))		0.585
