(defvar *ponderations* '((200 125 175 25 150 50)(175 25 250 225 175 50)))		0.65
(defvar *ponderations* '((180 180 120 300 90 210)(90 210 120 240 120 90)))		0.65
(defvar *ponderations* '((270 180 180 180 180 120)(270 270 180 30 300 90)))		0.65
(defvar *ponderations* '((90 150 60 270 240 120)(60 270 180 300 150 90)))		0.64
(defvar *ponderations* '((300 210 300 300 30 30)(210 60 240 30 210 150)))		0.64
(defvar *ponderations* '((60 210 270 30 240 150)(180 60 270 60 60 90)))		0.65
(defvar *ponderations* '((270 90 90 90 90 270)(180 30 210 210 150 90)))		0.64
(defvar *ponderations* '((60 300 90 180 30 240)(240 240 90 300 270 30)))		0.68
(defvar *ponderations* '((300 240 240 150 30 270)(270 90 210 30 180 60)))		0.65
(defvar *ponderations* '((90 210 240 270 60 270)(180 300 60 120 270 60)))		0.69
