10 100 80 60 90 20 40 100 50 20 50 100 		
80 50 50 90 20 40 80 20 70 90 50 100 		
80 100 90 100 30 80 80 10 50 10 70 100 		0.5125
70 90 90 30 50 70 100 10 100 100 60 10 		0
70 80 50 20 40 90 30 20 20 80 30 100 		0
90 30 60 80 70 70 80 80 20 90 40 100 		0
100 10 90 50 20 60 90 40 30 80 100 10 		0.4125
60 10 80 80 90 70 70 50 30 40 20 70 		0
70 20 10 20 50 50 20 70 100 60 80 80 		0
40 20 40 10 20 20 30 20 40 40 70 100 		0
40 60 30 90 10 10 40 20 30 90 20 10 		0.4875
50 90 10 50 80 60 10 60 40 80 50 20 		0.5
60 100 30 50 30 50 10 60 50 60 100 10 		0
80 30 20 60 40 60 80 50 40 50 60 50 		0.4875
80 50 20 90 80 60 50 60 90 20 60 40 		0
60 80 60 40 60 60 80 80 30 10 60 100 		0.4375
