25 50 75 0 0 0 100 125 150 0 0 0 	1.9999999999999998
25 50 75 0 0 0 100 150 125 0 0 0 	20.0
25 50 75 0 0 0 125 100 150 0 0 0 	20.0
25 50 75 0 0 0 125 150 100 0 0 0 	20.0
25 50 75 0 0 0 150 100 125 0 0 0 	14.000000000000002
25 50 75 0 0 0 150 125 100 0 0 0 	20.0
25 50 100 0 0 0 75 125 150 0 0 0 	1.9999999999999998
25 50 100 0 0 0 75 150 125 0 0 0 	-5.999999999999999
25 50 100 0 0 0 125 75 150 0 0 0 	20.0
25 50 100 0 0 0 125 150 75 0 0 0 	20.0
25 50 100 0 0 0 150 75 125 0 0 0 	14.000000000000002
25 50 100 0 0 0 150 125 75 0 0 0 	20.0
25 50 125 0 0 0 75 100 150 0 0 0 	-5.999999999999999
25 50 125 0 0 0 75 150 100 0 0 0 	20.0
25 50 125 0 0 0 100 75 150 0 0 0 	-10.0
25 50 125 0 0 0 100 150 75 0 0 0 	20.0
25 50 125 0 0 0 150 75 100 0 0 0 	14.000000000000002
25 50 125 0 0 0 150 100 75 0 0 0 	20.0
25 50 150 0 0 0 75 100 125 0 0 0 	20.0
25 50 150 0 0 0 75 125 100 0 0 0 	20.0
25 50 150 0 0 0 100 75 125 0 0 0 	20.0
25 50 150 0 0 0 100 125 75 0 0 0 	20.0
25 50 150 0 0 0 125 75 100 0 0 0 	20.0
25 50 150 0 0 0 125 100 75 0 0 0 	20.0
25 75 50 0 0 0 100 125 150 0 0 0 	10.0
25 75 50 0 0 0 100 150 125 0 0 0 	10.0
25 75 50 0 0 0 125 100 150 0 0 0 	-5.999999999999999
25 75 50 0 0 0 125 150 100 0 0 0 	5.999999999999999
25 75 50 0 0 0 150 100 125 0 0 0 	-5.999999999999999
25 75 50 0 0 0 150 125 100 0 0 0 	-5.999999999999999
25 75 100 0 0 0 50 125 150 0 0 0 	11.999999999999998
25 75 100 0 0 0 50 150 125 0 0 0 	20.0
25 75 100 0 0 0 125 50 150 0 0 0 	7.999999999999999
25 75 100 0 0 0 125 150 50 0 0 0 	20.0
25 75 100 0 0 0 150 50 125 0 0 0 	7.999999999999999
25 75 100 0 0 0 150 125 50 0 0 0 	20.0
25 75 125 0 0 0 50 100 150 0 0 0 	11.999999999999998
25 75 125 0 0 0 50 150 100 0 0 0 	20.0
25 75 125 0 0 0 100 50 150 0 0 0 	-10.0
25 75 125 0 0 0 100 150 50 0 0 0 	20.0
25 75 125 0 0 0 150 50 100 0 0 0 	7.999999999999999
25 75 125 0 0 0 150 100 50 0 0 0 	20.0
25 75 150 0 0 0 50 100 125 0 0 0 	20.0
25 75 150 0 0 0 50 125 100 0 0 0 	20.0
25 75 150 0 0 0 100 50 125 0 0 0 	20.0
25 75 150 0 0 0 100 125 50 0 0 0 	20.0
25 75 150 0 0 0 125 50 100 0 0 0 	20.0
25 75 150 0 0 0 125 100 50 0 0 0 	20.0
25 100 50 0 0 0 75 125 150 0 0 0 	11.999999999999998
25 100 50 0 0 0 75 150 125 0 0 0 	-3.9999999999999996
25 100 50 0 0 0 125 75 150 0 0 0 	-3.9999999999999996
25 100 50 0 0 0 125 150 75 0 0 0 	5.999999999999999
25 100 50 0 0 0 150 75 125 0 0 0 	-3.9999999999999996
25 100 50 0 0 0 150 125 75 0 0 0 	5.999999999999999
25 100 75 0 0 0 50 125 150 0 0 0 	11.999999999999998
25 100 75 0 0 0 50 150 125 0 0 0 	-3.9999999999999996
25 100 75 0 0 0 125 50 150 0 0 0 	-3.9999999999999996
25 100 75 0 0 0 125 150 50 0 0 0 	5.999999999999999
25 100 75 0 0 0 150 50 125 0 0 0 	-3.9999999999999996
25 100 75 0 0 0 150 125 50 0 0 0 	1.9999999999999998
25 100 125 0 0 0 50 75 150 0 0 0 	-5.999999999999999
25 100 125 0 0 0 50 150 75 0 0 0 	20.0
25 100 125 0 0 0 75 50 150 0 0 0 	-10.0
25 100 125 0 0 0 75 150 50 0 0 0 	20.0
25 100 125 0 0 0 150 50 75 0 0 0 	14.000000000000002
25 100 125 0 0 0 150 75 50 0 0 0 	14.000000000000002
25 100 150 0 0 0 50 75 125 0 0 0 	20.0
25 100 150 0 0 0 50 125 75 0 0 0 	20.0
25 100 150 0 0 0 75 50 125 0 0 0 	20.0
25 100 150 0 0 0 75 125 50 0 0 0 	20.0
25 100 150 0 0 0 125 50 75 0 0 0 	20.0
25 100 150 0 0 0 125 75 50 0 0 0 	20.0
25 125 50 0 0 0 75 100 150 0 0 0 	11.999999999999998
25 125 50 0 0 0 75 150 100 0 0 0 	-3.9999999999999996
25 125 50 0 0 0 100 75 150 0 0 0 	-3.9999999999999996
25 125 50 0 0 0 100 150 75 0 0 0 	0.0
25 125 50 0 0 0 150 75 100 0 0 0 	-3.9999999999999996
25 125 50 0 0 0 150 100 75 0 0 0 	-5.999999999999999
25 125 75 0 0 0 50 100 150 0 0 0 	11.999999999999998
25 125 75 0 0 0 50 150 100 0 0 0 	-3.9999999999999996
25 125 75 0 0 0 100 50 150 0 0 0 	-3.9999999999999996
25 125 75 0 0 0 100 150 50 0 0 0 	0.0
25 125 75 0 0 0 150 50 100 0 0 0 	-3.9999999999999996
25 125 75 0 0 0 150 100 50 0 0 0 	1.9999999999999998
25 125 100 0 0 0 50 75 150 0 0 0 	11.999999999999998
25 125 100 0 0 0 50 150 75 0 0 0 	-3.9999999999999996
25 125 100 0 0 0 75 50 150 0 0 0 	3.9999999999999996
25 125 100 0 0 0 75 150 50 0 0 0 	20.0
25 125 100 0 0 0 150 50 75 0 0 0 	14.000000000000002
25 125 100 0 0 0 150 75 50 0 0 0 	14.000000000000002
25 125 150 0 0 0 50 75 100 0 0 0 	20.0
25 125 150 0 0 0 50 100 75 0 0 0 	20.0
25 125 150 0 0 0 75 50 100 0 0 0 	20.0
25 125 150 0 0 0 75 100 50 0 0 0 	20.0
25 125 150 0 0 0 100 50 75 0 0 0 	20.0
25 125 150 0 0 0 100 75 50 0 0 0 	20.0
25 150 50 0 0 0 75 100 125 0 0 0 	7.999999999999999
25 150 50 0 0 0 75 125 100 0 0 0 	7.999999999999999
25 150 50 0 0 0 100 75 125 0 0 0 	-3.9999999999999996
25 150 50 0 0 0 100 125 75 0 0 0 	1.9999999999999998
25 150 50 0 0 0 125 75 100 0 0 0 	-3.9999999999999996
25 150 50 0 0 0 125 100 75 0 0 0 	-5.999999999999999
25 150 75 0 0 0 50 100 125 0 0 0 	11.999999999999998
25 150 75 0 0 0 50 125 100 0 0 0 	-3.9999999999999996
25 150 75 0 0 0 100 50 125 0 0 0 	-3.9999999999999996
25 150 75 0 0 0 100 125 50 0 0 0 	1.9999999999999998
25 150 75 0 0 0 125 50 100 0 0 0 	-3.9999999999999996
25 150 75 0 0 0 125 100 50 0 0 0 	1.9999999999999998
25 150 100 0 0 0 50 75 125 0 0 0 	11.999999999999998
25 150 100 0 0 0 50 125 75 0 0 0 	0.0
25 150 100 0 0 0 75 50 125 0 0 0 	-3.9999999999999996
25 150 100 0 0 0 75 125 50 0 0 0 	15.999999999999998
25 150 100 0 0 0 125 50 75 0 0 0 	-3.9999999999999996
25 150 100 0 0 0 125 75 50 0 0 0 	1.9999999999999998
25 150 125 0 0 0 50 75 100 0 0 0 	20.0
25 150 125 0 0 0 50 100 75 0 0 0 	20.0
25 150 125 0 0 0 75 50 100 0 0 0 	20.0
25 150 125 0 0 0 75 100 50 0 0 0 	20.0
25 150 125 0 0 0 100 50 75 0 0 0 	20.0
25 150 125 0 0 0 100 75 50 0 0 0 	20.0
50 25 75 0 0 0 100 125 150 0 0 0 	20.0
50 25 75 0 0 0 100 150 125 0 0 0 	20.0
50 25 75 0 0 0 125 100 150 0 0 0 	20.0
50 25 75 0 0 0 125 150 100 0 0 0 	20.0
50 25 75 0 0 0 150 100 125 0 0 0 	14.000000000000002
50 25 75 0 0 0 150 125 100 0 0 0 	20.0
50 25 100 0 0 0 75 125 150 0 0 0 	-5.999999999999999
50 25 100 0 0 0 75 150 125 0 0 0 	20.0
50 25 100 0 0 0 125 75 150 0 0 0 	20.0
50 25 100 0 0 0 125 150 75 0 0 0 	20.0
50 25 100 0 0 0 150 75 125 0 0 0 	14.000000000000002
50 25 100 0 0 0 150 125 75 0 0 0 	20.0
50 25 125 0 0 0 75 100 150 0 0 0 	-5.999999999999999
50 25 125 0 0 0 75 150 100 0 0 0 	20.0
50 25 125 0 0 0 100 75 150 0 0 0 	20.0
50 25 125 0 0 0 100 150 75 0 0 0 	20.0
50 25 125 0 0 0 150 75 100 0 0 0 	14.000000000000002
50 25 125 0 0 0 150 100 75 0 0 0 	20.0
50 25 150 0 0 0 75 100 125 0 0 0 	20.0
50 25 150 0 0 0 75 125 100 0 0 0 	20.0
50 25 150 0 0 0 100 75 125 0 0 0 	20.0
50 25 150 0 0 0 100 125 75 0 0 0 	20.0
50 25 150 0 0 0 125 75 100 0 0 0 	20.0
50 25 150 0 0 0 125 100 75 0 0 0 	20.0
50 75 25 0 0 0 100 125 150 0 0 0 	0.0
50 75 25 0 0 0 100 150 125 0 0 0 	10.0
50 75 25 0 0 0 125 100 150 0 0 0 	-5.999999999999999
50 75 25 0 0 0 125 150 100 0 0 0 	0.0
50 75 25 0 0 0 150 100 125 0 0 0 	-5.999999999999999
50 75 25 0 0 0 150 125 100 0 0 0 	-5.999999999999999
50 75 100 0 0 0 25 125 150 0 0 0 	11.999999999999998
50 75 100 0 0 0 25 150 125 0 0 0 	20.0
50 75 100 0 0 0 125 25 150 0 0 0 	7.999999999999999
50 75 100 0 0 0 125 150 25 0 0 0 	20.0
50 75 100 0 0 0 150 25 125 0 0 0 	7.999999999999999
50 75 100 0 0 0 150 125 25 0 0 0 	20.0
50 75 125 0 0 0 25 100 150 0 0 0 	11.999999999999998
50 75 125 0 0 0 25 150 100 0 0 0 	20.0
50 75 125 0 0 0 100 25 150 0 0 0 	-10.0
50 75 125 0 0 0 100 150 25 0 0 0 	20.0
50 75 125 0 0 0 150 25 100 0 0 0 	7.999999999999999
50 75 125 0 0 0 150 100 25 0 0 0 	20.0
50 75 150 0 0 0 25 100 125 0 0 0 	-1.9999999999999998
50 75 150 0 0 0 25 125 100 0 0 0 	0.0
50 75 150 0 0 0 100 25 125 0 0 0 	14.000000000000002
50 75 150 0 0 0 100 125 25 0 0 0 	20.0
50 75 150 0 0 0 125 25 100 0 0 0 	7.999999999999999
50 75 150 0 0 0 125 100 25 0 0 0 	20.0
50 100 25 0 0 0 75 125 150 0 0 0 	20.0
50 100 25 0 0 0 75 150 125 0 0 0 	20.0
50 100 25 0 0 0 125 75 150 0 0 0 	21.999999999999996
50 100 25 0 0 0 125 150 75 0 0 0 	5.999999999999999
50 100 25 0 0 0 150 75 125 0 0 0 	21.999999999999996
50 100 25 0 0 0 150 125 75 0 0 0 	5.999999999999999
50 100 75 0 0 0 25 125 150 0 0 0 	11.999999999999998
50 100 75 0 0 0 25 150 125 0 0 0 	-3.9999999999999996
50 100 75 0 0 0 125 25 150 0 0 0 	15.999999999999998
50 100 75 0 0 0 125 150 25 0 0 0 	1.9999999999999998
50 100 75 0 0 0 150 25 125 0 0 0 	15.999999999999998
50 100 75 0 0 0 150 125 25 0 0 0 	1.9999999999999998
50 100 125 0 0 0 25 75 150 0 0 0 	11.999999999999998
50 100 125 0 0 0 25 150 75 0 0 0 	0.0
50 100 125 0 0 0 75 25 150 0 0 0 	-10.0
50 100 125 0 0 0 75 150 25 0 0 0 	20.0
50 100 125 0 0 0 150 25 75 0 0 0 	7.999999999999999
50 100 125 0 0 0 150 75 25 0 0 0 	15.999999999999998
50 100 150 0 0 0 25 75 125 0 0 0 	14.000000000000002
50 100 150 0 0 0 25 125 75 0 0 0 	5.999999999999999
50 100 150 0 0 0 75 25 125 0 0 0 	14.000000000000002
50 100 150 0 0 0 75 125 25 0 0 0 	20.0
50 100 150 0 0 0 125 25 75 0 0 0 	7.999999999999999
50 100 150 0 0 0 125 75 25 0 0 0 	20.0
50 125 25 0 0 0 75 100 150 0 0 0 	0.0
50 125 25 0 0 0 75 150 100 0 0 0 	18.000000000000004
50 125 25 0 0 0 100 75 150 0 0 0 	-3.9999999999999996
50 125 25 0 0 0 100 150 75 0 0 0 	18.000000000000004
50 125 25 0 0 0 150 75 100 0 0 0 	21.999999999999996
50 125 25 0 0 0 150 100 75 0 0 0 	-5.999999999999999
50 125 75 0 0 0 25 100 150 0 0 0 	11.999999999999998
50 125 75 0 0 0 25 150 100 0 0 0 	-3.9999999999999996
50 125 75 0 0 0 100 25 150 0 0 0 	20.0
50 125 75 0 0 0 100 150 25 0 0 0 	5.999999999999999
50 125 75 0 0 0 150 25 100 0 0 0 	-3.9999999999999996
50 125 75 0 0 0 150 100 25 0 0 0 	1.9999999999999998
50 125 100 0 0 0 25 75 150 0 0 0 	11.999999999999998
50 125 100 0 0 0 25 150 75 0 0 0 	-3.9999999999999996
50 125 100 0 0 0 75 25 150 0 0 0 	5.999999999999999
50 125 100 0 0 0 75 150 25 0 0 0 	20.0
50 125 100 0 0 0 150 25 75 0 0 0 	11.999999999999998
50 125 100 0 0 0 150 75 25 0 0 0 	15.999999999999998
50 125 150 0 0 0 25 75 100 0 0 0 	14.000000000000002
50 125 150 0 0 0 25 100 75 0 0 0 	14.000000000000002
50 125 150 0 0 0 75 25 100 0 0 0 	14.000000000000002
50 125 150 0 0 0 75 100 25 0 0 0 	20.0
50 125 150 0 0 0 100 25 75 0 0 0 	20.0
50 125 150 0 0 0 100 75 25 0 0 0 	20.0
50 150 25 0 0 0 75 100 125 0 0 0 	0.0
50 150 25 0 0 0 75 125 100 0 0 0 	14.000000000000002
50 150 25 0 0 0 100 75 125 0 0 0 	-3.9999999999999996
50 150 25 0 0 0 100 125 75 0 0 0 	0.0
50 150 25 0 0 0 125 75 100 0 0 0 	-3.9999999999999996
50 150 25 0 0 0 125 100 75 0 0 0 	-5.999999999999999
50 150 75 0 0 0 25 100 125 0 0 0 	11.999999999999998
50 150 75 0 0 0 25 125 100 0 0 0 	-3.9999999999999996
50 150 75 0 0 0 100 25 125 0 0 0 	15.999999999999998
50 150 75 0 0 0 100 125 25 0 0 0 	5.999999999999999
50 150 75 0 0 0 125 25 100 0 0 0 	-3.9999999999999996
50 150 75 0 0 0 125 100 25 0 0 0 	1.9999999999999998
50 150 100 0 0 0 25 75 125 0 0 0 	11.999999999999998
50 150 100 0 0 0 25 125 75 0 0 0 	-3.9999999999999996
50 150 100 0 0 0 75 25 125 0 0 0 	10.0
50 150 100 0 0 0 75 125 25 0 0 0 	-5.999999999999999
50 150 100 0 0 0 125 25 75 0 0 0 	-18.000000000000004
50 150 100 0 0 0 125 75 25 0 0 0 	-18.000000000000004
50 150 125 0 0 0 25 75 100 0 0 0 	-1.9999999999999998
50 150 125 0 0 0 25 100 75 0 0 0 	0.0
50 150 125 0 0 0 75 25 100 0 0 0 	14.000000000000002
50 150 125 0 0 0 75 100 25 0 0 0 	20.0
50 150 125 0 0 0 100 25 75 0 0 0 	20.0
50 150 125 0 0 0 100 75 25 0 0 0 	20.0
75 25 50 0 0 0 100 125 150 0 0 0 	18.000000000000004
75 25 50 0 0 0 100 150 125 0 0 0 	18.000000000000004
75 25 50 0 0 0 125 100 150 0 0 0 	11.999999999999998
75 25 50 0 0 0 125 150 100 0 0 0 	11.999999999999998
75 25 50 0 0 0 150 100 125 0 0 0 	11.999999999999998
75 25 50 0 0 0 150 125 100 0 0 0 	11.999999999999998
75 25 100 0 0 0 50 125 150 0 0 0 	-3.9999999999999996
75 25 100 0 0 0 50 150 125 0 0 0 	-3.9999999999999996
75 25 100 0 0 0 125 50 150 0 0 0 	18.000000000000004
75 25 100 0 0 0 125 150 50 0 0 0 	20.0
75 25 100 0 0 0 150 50 125 0 0 0 	18.000000000000004
75 25 100 0 0 0 150 125 50 0 0 0 	20.0
75 25 125 0 0 0 50 100 150 0 0 0 	-3.9999999999999996
75 25 125 0 0 0 50 150 100 0 0 0 	3.9999999999999996
75 25 125 0 0 0 100 50 150 0 0 0 	20.0
75 25 125 0 0 0 100 150 50 0 0 0 	20.0
75 25 125 0 0 0 150 50 100 0 0 0 	14.000000000000002
75 25 125 0 0 0 150 100 50 0 0 0 	20.0
75 25 150 0 0 0 50 100 125 0 0 0 	18.000000000000004
75 25 150 0 0 0 50 125 100 0 0 0 	18.000000000000004
75 25 150 0 0 0 100 50 125 0 0 0 	20.0
75 25 150 0 0 0 100 125 50 0 0 0 	20.0
75 25 150 0 0 0 125 50 100 0 0 0 	20.0
75 25 150 0 0 0 125 100 50 0 0 0 	20.0
75 50 25 0 0 0 100 125 150 0 0 0 	18.000000000000004
75 50 25 0 0 0 100 150 125 0 0 0 	18.000000000000004
75 50 25 0 0 0 125 100 150 0 0 0 	11.999999999999998
75 50 25 0 0 0 125 150 100 0 0 0 	11.999999999999998
75 50 25 0 0 0 150 100 125 0 0 0 	11.999999999999998
75 50 25 0 0 0 150 125 100 0 0 0 	11.999999999999998
75 50 100 0 0 0 25 125 150 0 0 0 	11.999999999999998
75 50 100 0 0 0 25 150 125 0 0 0 	20.0
75 50 100 0 0 0 125 25 150 0 0 0 	7.999999999999999
75 50 100 0 0 0 125 150 25 0 0 0 	20.0
75 50 100 0 0 0 150 25 125 0 0 0 	7.999999999999999
75 50 100 0 0 0 150 125 25 0 0 0 	20.0
75 50 125 0 0 0 25 100 150 0 0 0 	11.999999999999998
75 50 125 0 0 0 25 150 100 0 0 0 	20.0
75 50 125 0 0 0 100 25 150 0 0 0 	18.000000000000004
75 50 125 0 0 0 100 150 25 0 0 0 	20.0
75 50 125 0 0 0 150 25 100 0 0 0 	7.999999999999999
75 50 125 0 0 0 150 100 25 0 0 0 	20.0
75 50 150 0 0 0 25 100 125 0 0 0 	-1.9999999999999998
75 50 150 0 0 0 25 125 100 0 0 0 	0.0
75 50 150 0 0 0 100 25 125 0 0 0 	14.000000000000002
75 50 150 0 0 0 100 125 25 0 0 0 	20.0
75 50 150 0 0 0 125 25 100 0 0 0 	7.999999999999999
75 50 150 0 0 0 125 100 25 0 0 0 	20.0
75 100 25 0 0 0 50 125 150 0 0 0 	20.0
75 100 25 0 0 0 50 150 125 0 0 0 	20.0
75 100 25 0 0 0 125 50 150 0 0 0 	-3.9999999999999996
75 100 25 0 0 0 125 150 50 0 0 0 	0.0
75 100 25 0 0 0 150 50 125 0 0 0 	-3.9999999999999996
75 100 25 0 0 0 150 125 50 0 0 0 	1.9999999999999998
75 100 50 0 0 0 25 125 150 0 0 0 	3.9999999999999996
75 100 50 0 0 0 25 150 125 0 0 0 	20.0
75 100 50 0 0 0 125 25 150 0 0 0 	15.999999999999998
75 100 50 0 0 0 125 150 25 0 0 0 	0.0
75 100 50 0 0 0 150 25 125 0 0 0 	-3.9999999999999996
75 100 50 0 0 0 150 125 25 0 0 0 	1.9999999999999998
75 100 125 0 0 0 25 50 150 0 0 0 	-5.999999999999999
75 100 125 0 0 0 25 150 50 0 0 0 	10.0
75 100 125 0 0 0 50 25 150 0 0 0 	-5.999999999999999
75 100 125 0 0 0 50 150 25 0 0 0 	20.0
75 100 125 0 0 0 150 25 50 0 0 0 	14.000000000000002
75 100 125 0 0 0 150 50 25 0 0 0 	15.999999999999998
75 100 150 0 0 0 25 50 125 0 0 0 	5.999999999999999
75 100 150 0 0 0 25 125 50 0 0 0 	10.0
75 100 150 0 0 0 50 25 125 0 0 0 	18.000000000000004
75 100 150 0 0 0 50 125 25 0 0 0 	18.000000000000004
75 100 150 0 0 0 125 25 50 0 0 0 	14.000000000000002
75 100 150 0 0 0 125 50 25 0 0 0 	20.0
75 125 25 0 0 0 50 100 150 0 0 0 	11.999999999999998
75 125 25 0 0 0 50 150 100 0 0 0 	20.0
75 125 25 0 0 0 100 50 150 0 0 0 	-3.9999999999999996
75 125 25 0 0 0 100 150 50 0 0 0 	0.0
75 125 25 0 0 0 150 50 100 0 0 0 	-3.9999999999999996
75 125 25 0 0 0 150 100 50 0 0 0 	1.9999999999999998
75 125 50 0 0 0 25 100 150 0 0 0 	11.999999999999998
75 125 50 0 0 0 25 150 100 0 0 0 	-3.9999999999999996
75 125 50 0 0 0 100 25 150 0 0 0 	5.999999999999999
75 125 50 0 0 0 100 150 25 0 0 0 	5.999999999999999
75 125 50 0 0 0 150 25 100 0 0 0 	-3.9999999999999996
75 125 50 0 0 0 150 100 25 0 0 0 	-5.999999999999999
75 125 100 0 0 0 25 50 150 0 0 0 	11.999999999999998
75 125 100 0 0 0 25 150 50 0 0 0 	0.0
75 125 100 0 0 0 50 25 150 0 0 0 	-10.0
75 125 100 0 0 0 50 150 25 0 0 0 	20.0
75 125 100 0 0 0 150 25 50 0 0 0 	14.000000000000002
75 125 100 0 0 0 150 50 25 0 0 0 	15.999999999999998
75 125 150 0 0 0 25 50 100 0 0 0 	14.000000000000002
75 125 150 0 0 0 25 100 50 0 0 0 	14.000000000000002
75 125 150 0 0 0 50 25 100 0 0 0 	18.000000000000004
75 125 150 0 0 0 50 100 25 0 0 0 	18.000000000000004
75 125 150 0 0 0 100 25 50 0 0 0 	20.0
75 125 150 0 0 0 100 50 25 0 0 0 	20.0
75 150 25 0 0 0 50 100 125 0 0 0 	11.999999999999998
75 150 25 0 0 0 50 125 100 0 0 0 	-3.9999999999999996
75 150 25 0 0 0 100 50 125 0 0 0 	-3.9999999999999996
75 150 25 0 0 0 100 125 50 0 0 0 	0.0
75 150 25 0 0 0 125 50 100 0 0 0 	-3.9999999999999996
75 150 25 0 0 0 125 100 50 0 0 0 	0.0
75 150 50 0 0 0 25 100 125 0 0 0 	11.999999999999998
75 150 50 0 0 0 25 125 100 0 0 0 	-3.9999999999999996
75 150 50 0 0 0 100 25 125 0 0 0 	-3.9999999999999996
75 150 50 0 0 0 100 125 25 0 0 0 	5.999999999999999
75 150 50 0 0 0 125 25 100 0 0 0 	-3.9999999999999996
75 150 50 0 0 0 125 100 25 0 0 0 	-5.999999999999999
75 150 100 0 0 0 25 50 125 0 0 0 	11.999999999999998
75 150 100 0 0 0 25 125 50 0 0 0 	0.0
75 150 100 0 0 0 50 25 125 0 0 0 	-3.9999999999999996
75 150 100 0 0 0 50 125 25 0 0 0 	5.999999999999999
75 150 100 0 0 0 125 25 50 0 0 0 	-18.000000000000004
75 150 100 0 0 0 125 50 25 0 0 0 	-5.999999999999999
75 150 125 0 0 0 25 50 100 0 0 0 	14.000000000000002
75 150 125 0 0 0 25 100 50 0 0 0 	18.000000000000004
75 150 125 0 0 0 50 25 100 0 0 0 	18.000000000000004
75 150 125 0 0 0 50 100 25 0 0 0 	18.000000000000004
75 150 125 0 0 0 100 25 50 0 0 0 	20.0
75 150 125 0 0 0 100 50 25 0 0 0 	20.0
100 25 50 0 0 0 75 125 150 0 0 0 	18.000000000000004
100 25 50 0 0 0 75 150 125 0 0 0 	-3.9999999999999996
100 25 50 0 0 0 125 75 150 0 0 0 	11.999999999999998
100 25 50 0 0 0 125 150 75 0 0 0 	11.999999999999998
100 25 50 0 0 0 150 75 125 0 0 0 	11.999999999999998
100 25 50 0 0 0 150 125 75 0 0 0 	11.999999999999998
100 25 75 0 0 0 50 125 150 0 0 0 	-11.999999999999998
100 25 75 0 0 0 50 150 125 0 0 0 	-3.9999999999999996
100 25 75 0 0 0 125 50 150 0 0 0 	18.000000000000004
100 25 75 0 0 0 125 150 50 0 0 0 	20.0
100 25 75 0 0 0 150 50 125 0 0 0 	18.000000000000004
100 25 75 0 0 0 150 125 50 0 0 0 	20.0
100 25 125 0 0 0 50 75 150 0 0 0 	18.000000000000004
100 25 125 0 0 0 50 150 75 0 0 0 	20.0
100 25 125 0 0 0 75 50 150 0 0 0 	18.000000000000004
100 25 125 0 0 0 75 150 50 0 0 0 	20.0
100 25 125 0 0 0 150 50 75 0 0 0 	18.000000000000004
100 25 125 0 0 0 150 75 50 0 0 0 	18.000000000000004
100 25 150 0 0 0 50 75 125 0 0 0 	18.000000000000004
100 25 150 0 0 0 50 125 75 0 0 0 	18.000000000000004
100 25 150 0 0 0 75 50 125 0 0 0 	18.000000000000004
100 25 150 0 0 0 75 125 50 0 0 0 	18.000000000000004
100 25 150 0 0 0 125 50 75 0 0 0 	20.0
100 25 150 0 0 0 125 75 50 0 0 0 	20.0
100 50 25 0 0 0 75 125 150 0 0 0 	18.000000000000004
100 50 25 0 0 0 75 150 125 0 0 0 	11.999999999999998
100 50 25 0 0 0 125 75 150 0 0 0 	15.999999999999998
100 50 25 0 0 0 125 150 75 0 0 0 	10.0
100 50 25 0 0 0 150 75 125 0 0 0 	15.999999999999998
100 50 25 0 0 0 150 125 75 0 0 0 	10.0
100 50 75 0 0 0 25 125 150 0 0 0 	18.000000000000004
100 50 75 0 0 0 25 150 125 0 0 0 	-3.9999999999999996
100 50 75 0 0 0 125 25 150 0 0 0 	21.999999999999996
100 50 75 0 0 0 125 150 25 0 0 0 	20.0
100 50 75 0 0 0 150 25 125 0 0 0 	21.999999999999996
100 50 75 0 0 0 150 125 25 0 0 0 	20.0
100 50 125 0 0 0 25 75 150 0 0 0 	-3.9999999999999996
100 50 125 0 0 0 25 150 75 0 0 0 	3.9999999999999996
100 50 125 0 0 0 75 25 150 0 0 0 	14.000000000000002
100 50 125 0 0 0 75 150 25 0 0 0 	20.0
100 50 125 0 0 0 150 25 75 0 0 0 	18.000000000000004
100 50 125 0 0 0 150 75 25 0 0 0 	14.000000000000002
100 50 150 0 0 0 25 75 125 0 0 0 	14.000000000000002
100 50 150 0 0 0 25 125 75 0 0 0 	18.000000000000004
100 50 150 0 0 0 75 25 125 0 0 0 	14.000000000000002
100 50 150 0 0 0 75 125 25 0 0 0 	18.000000000000004
100 50 150 0 0 0 125 25 75 0 0 0 	14.000000000000002
100 50 150 0 0 0 125 75 25 0 0 0 	20.0
100 75 25 0 0 0 50 125 150 0 0 0 	18.000000000000004
100 75 25 0 0 0 50 150 125 0 0 0 	11.999999999999998
100 75 25 0 0 0 125 50 150 0 0 0 	15.999999999999998
100 75 25 0 0 0 125 150 50 0 0 0 	10.0
100 75 25 0 0 0 150 50 125 0 0 0 	15.999999999999998
100 75 25 0 0 0 150 125 50 0 0 0 	5.999999999999999
100 75 50 0 0 0 25 125 150 0 0 0 	18.000000000000004
100 75 50 0 0 0 25 150 125 0 0 0 	11.999999999999998
100 75 50 0 0 0 125 25 150 0 0 0 	5.999999999999999
100 75 50 0 0 0 125 150 25 0 0 0 	20.0
100 75 50 0 0 0 150 25 125 0 0 0 	7.999999999999999
100 75 50 0 0 0 150 125 25 0 0 0 	14.000000000000002
100 75 125 0 0 0 25 50 150 0 0 0 	-5.999999999999999
100 75 125 0 0 0 25 150 50 0 0 0 	18.000000000000004
100 75 125 0 0 0 50 25 150 0 0 0 	-5.999999999999999
100 75 125 0 0 0 50 150 25 0 0 0 	20.0
100 75 125 0 0 0 150 25 50 0 0 0 	14.000000000000002
100 75 125 0 0 0 150 50 25 0 0 0 	10.0
100 75 150 0 0 0 25 50 125 0 0 0 	5.999999999999999
100 75 150 0 0 0 25 125 50 0 0 0 	18.000000000000004
100 75 150 0 0 0 50 25 125 0 0 0 	18.000000000000004
100 75 150 0 0 0 50 125 25 0 0 0 	18.000000000000004
100 75 150 0 0 0 125 25 50 0 0 0 	14.000000000000002
100 75 150 0 0 0 125 50 25 0 0 0 	20.0
100 125 25 0 0 0 50 75 150 0 0 0 	11.999999999999998
100 125 25 0 0 0 50 150 75 0 0 0 	10.0
100 125 25 0 0 0 75 50 150 0 0 0 	-3.9999999999999996
100 125 25 0 0 0 75 150 50 0 0 0 	5.999999999999999
100 125 25 0 0 0 150 50 75 0 0 0 	-5.999999999999999
100 125 25 0 0 0 150 75 50 0 0 0 	1.9999999999999998
100 125 50 0 0 0 25 75 150 0 0 0 	11.999999999999998
100 125 50 0 0 0 25 150 75 0 0 0 	20.0
100 125 50 0 0 0 75 25 150 0 0 0 	-3.9999999999999996
100 125 50 0 0 0 75 150 25 0 0 0 	5.999999999999999
100 125 50 0 0 0 150 25 75 0 0 0 	-3.9999999999999996
100 125 50 0 0 0 150 75 25 0 0 0 	-5.999999999999999
100 125 75 0 0 0 25 50 150 0 0 0 	11.999999999999998
100 125 75 0 0 0 25 150 50 0 0 0 	-3.9999999999999996
100 125 75 0 0 0 50 25 150 0 0 0 	-3.9999999999999996
100 125 75 0 0 0 50 150 25 0 0 0 	5.999999999999999
100 125 75 0 0 0 150 25 50 0 0 0 	-5.999999999999999
100 125 75 0 0 0 150 50 25 0 0 0 	-5.999999999999999
100 125 150 0 0 0 25 50 75 0 0 0 	14.000000000000002
100 125 150 0 0 0 25 75 50 0 0 0 	14.000000000000002
100 125 150 0 0 0 50 25 75 0 0 0 	18.000000000000004
100 125 150 0 0 0 50 75 25 0 0 0 	18.000000000000004
100 125 150 0 0 0 75 25 50 0 0 0 	18.000000000000004
100 125 150 0 0 0 75 50 25 0 0 0 	18.000000000000004
100 150 25 0 0 0 50 75 125 0 0 0 	11.999999999999998
100 150 25 0 0 0 50 125 75 0 0 0 	10.0
100 150 25 0 0 0 75 50 125 0 0 0 	-3.9999999999999996
100 150 25 0 0 0 75 125 50 0 0 0 	5.999999999999999
100 150 25 0 0 0 125 50 75 0 0 0 	-5.999999999999999
100 150 25 0 0 0 125 75 50 0 0 0 	-5.999999999999999
100 150 50 0 0 0 25 75 125 0 0 0 	11.999999999999998
100 150 50 0 0 0 25 125 75 0 0 0 	-3.9999999999999996
100 150 50 0 0 0 75 25 125 0 0 0 	-3.9999999999999996
100 150 50 0 0 0 75 125 25 0 0 0 	5.999999999999999
100 150 50 0 0 0 125 25 75 0 0 0 	-18.000000000000004
100 150 50 0 0 0 125 75 25 0 0 0 	-5.999999999999999
100 150 75 0 0 0 25 50 125 0 0 0 	11.999999999999998
100 150 75 0 0 0 25 125 50 0 0 0 	-3.9999999999999996
100 150 75 0 0 0 50 25 125 0 0 0 	-3.9999999999999996
100 150 75 0 0 0 50 125 25 0 0 0 	5.999999999999999
100 150 75 0 0 0 125 25 50 0 0 0 	-5.999999999999999
100 150 75 0 0 0 125 50 25 0 0 0 	-5.999999999999999
100 150 125 0 0 0 25 50 75 0 0 0 	14.000000000000002
100 150 125 0 0 0 25 75 50 0 0 0 	14.000000000000002
100 150 125 0 0 0 50 25 75 0 0 0 	18.000000000000004
100 150 125 0 0 0 50 75 25 0 0 0 	18.000000000000004
100 150 125 0 0 0 75 25 50 0 0 0 	18.000000000000004
100 150 125 0 0 0 75 50 25 0 0 0 	18.000000000000004
125 25 50 0 0 0 75 100 150 0 0 0 	-11.999999999999998
125 25 50 0 0 0 75 150 100 0 0 0 	-3.9999999999999996
125 25 50 0 0 0 100 75 150 0 0 0 	18.000000000000004
125 25 50 0 0 0 100 150 75 0 0 0 	18.000000000000004
125 25 50 0 0 0 150 75 100 0 0 0 	18.000000000000004
125 25 50 0 0 0 150 100 75 0 0 0 	18.000000000000004
125 25 75 0 0 0 50 100 150 0 0 0 	-11.999999999999998
125 25 75 0 0 0 50 150 100 0 0 0 	-7.999999999999999
125 25 75 0 0 0 100 50 150 0 0 0 	18.000000000000004
125 25 75 0 0 0 100 150 50 0 0 0 	20.0
125 25 75 0 0 0 150 50 100 0 0 0 	18.000000000000004
125 25 75 0 0 0 150 100 50 0 0 0 	18.000000000000004
125 25 100 0 0 0 50 75 150 0 0 0 	-11.999999999999998
125 25 100 0 0 0 50 150 75 0 0 0 	-3.9999999999999996
125 25 100 0 0 0 75 50 150 0 0 0 	18.000000000000004
125 25 100 0 0 0 75 150 50 0 0 0 	20.0
125 25 100 0 0 0 150 50 75 0 0 0 	18.000000000000004
125 25 100 0 0 0 150 75 50 0 0 0 	18.000000000000004
125 25 150 0 0 0 50 75 100 0 0 0 	18.000000000000004
125 25 150 0 0 0 50 100 75 0 0 0 	18.000000000000004
125 25 150 0 0 0 75 50 100 0 0 0 	18.000000000000004
125 25 150 0 0 0 75 100 50 0 0 0 	18.000000000000004
125 25 150 0 0 0 100 50 75 0 0 0 	20.0
125 25 150 0 0 0 100 75 50 0 0 0 	18.000000000000004
125 50 25 0 0 0 75 100 150 0 0 0 	5.999999999999999
125 50 25 0 0 0 75 150 100 0 0 0 	10.0
125 50 25 0 0 0 100 75 150 0 0 0 	15.999999999999998
125 50 25 0 0 0 100 150 75 0 0 0 	10.0
125 50 25 0 0 0 150 75 100 0 0 0 	10.0
125 50 25 0 0 0 150 100 75 0 0 0 	5.999999999999999
125 50 75 0 0 0 25 100 150 0 0 0 	-11.999999999999998
125 50 75 0 0 0 25 150 100 0 0 0 	-3.9999999999999996
125 50 75 0 0 0 100 25 150 0 0 0 	5.999999999999999
125 50 75 0 0 0 100 150 25 0 0 0 	20.0
125 50 75 0 0 0 150 25 100 0 0 0 	7.999999999999999
125 50 75 0 0 0 150 100 25 0 0 0 	14.000000000000002
125 50 100 0 0 0 25 75 150 0 0 0 	-11.999999999999998
125 50 100 0 0 0 25 150 75 0 0 0 	-3.9999999999999996
125 50 100 0 0 0 75 25 150 0 0 0 	-10.0
125 50 100 0 0 0 75 150 25 0 0 0 	20.0
125 50 100 0 0 0 150 25 75 0 0 0 	5.999999999999999
125 50 100 0 0 0 150 75 25 0 0 0 	14.000000000000002
125 50 150 0 0 0 25 75 100 0 0 0 	14.000000000000002
125 50 150 0 0 0 25 100 75 0 0 0 	14.000000000000002
125 50 150 0 0 0 75 25 100 0 0 0 	14.000000000000002
125 50 150 0 0 0 75 100 25 0 0 0 	18.000000000000004
125 50 150 0 0 0 100 25 75 0 0 0 	20.0
125 50 150 0 0 0 100 75 25 0 0 0 	18.000000000000004
125 75 25 0 0 0 50 100 150 0 0 0 	18.000000000000004
125 75 25 0 0 0 50 150 100 0 0 0 	11.999999999999998
125 75 25 0 0 0 100 50 150 0 0 0 	15.999999999999998
125 75 25 0 0 0 100 150 50 0 0 0 	10.0
125 75 25 0 0 0 150 50 100 0 0 0 	5.999999999999999
125 75 25 0 0 0 150 100 50 0 0 0 	5.999999999999999
125 75 50 0 0 0 25 100 150 0 0 0 	18.000000000000004
125 75 50 0 0 0 25 150 100 0 0 0 	11.999999999999998
125 75 50 0 0 0 100 25 150 0 0 0 	5.999999999999999
125 75 50 0 0 0 100 150 25 0 0 0 	20.0
125 75 50 0 0 0 150 25 100 0 0 0 	7.999999999999999
125 75 50 0 0 0 150 100 25 0 0 0 	14.000000000000002
125 75 100 0 0 0 25 50 150 0 0 0 	-10.0
125 75 100 0 0 0 25 150 50 0 0 0 	18.000000000000004
125 75 100 0 0 0 50 25 150 0 0 0 	-10.0
125 75 100 0 0 0 50 150 25 0 0 0 	20.0
125 75 100 0 0 0 150 25 50 0 0 0 	18.000000000000004
125 75 100 0 0 0 150 50 25 0 0 0 	18.000000000000004
125 75 150 0 0 0 25 50 100 0 0 0 	14.000000000000002
125 75 150 0 0 0 25 100 50 0 0 0 	14.000000000000002
125 75 150 0 0 0 50 25 100 0 0 0 	18.000000000000004
125 75 150 0 0 0 50 100 25 0 0 0 	18.000000000000004
125 75 150 0 0 0 100 25 50 0 0 0 	18.000000000000004
125 75 150 0 0 0 100 50 25 0 0 0 	18.000000000000004
125 100 25 0 0 0 50 75 150 0 0 0 	7.999999999999999
125 100 25 0 0 0 50 150 75 0 0 0 	18.000000000000004
125 100 25 0 0 0 75 50 150 0 0 0 	5.999999999999999
125 100 25 0 0 0 75 150 50 0 0 0 	10.0
125 100 25 0 0 0 150 50 75 0 0 0 	5.999999999999999
125 100 25 0 0 0 150 75 50 0 0 0 	5.999999999999999
125 100 50 0 0 0 25 75 150 0 0 0 	18.000000000000004
125 100 50 0 0 0 25 150 75 0 0 0 	1.9999999999999998
125 100 50 0 0 0 75 25 150 0 0 0 	7.999999999999999
125 100 50 0 0 0 75 150 25 0 0 0 	20.0
125 100 50 0 0 0 150 25 75 0 0 0 	18.000000000000004
125 100 50 0 0 0 150 75 25 0 0 0 	14.000000000000002
125 100 75 0 0 0 25 50 150 0 0 0 	18.000000000000004
125 100 75 0 0 0 25 150 50 0 0 0 	1.9999999999999998
125 100 75 0 0 0 50 25 150 0 0 0 	18.000000000000004
125 100 75 0 0 0 50 150 25 0 0 0 	20.0
125 100 75 0 0 0 150 25 50 0 0 0 	18.000000000000004
125 100 75 0 0 0 150 50 25 0 0 0 	14.000000000000002
125 100 150 0 0 0 25 50 75 0 0 0 	14.000000000000002
125 100 150 0 0 0 25 75 50 0 0 0 	14.000000000000002
125 100 150 0 0 0 50 25 75 0 0 0 	18.000000000000004
125 100 150 0 0 0 50 75 25 0 0 0 	18.000000000000004
125 100 150 0 0 0 75 25 50 0 0 0 	18.000000000000004
125 100 150 0 0 0 75 50 25 0 0 0 	18.000000000000004
125 150 25 0 0 0 50 75 100 0 0 0 	20.0
125 150 25 0 0 0 50 100 75 0 0 0 	10.0
125 150 25 0 0 0 75 50 100 0 0 0 	-3.9999999999999996
125 150 25 0 0 0 75 100 50 0 0 0 	3.9999999999999996
125 150 25 0 0 0 100 50 75 0 0 0 	-5.999999999999999
125 150 25 0 0 0 100 75 50 0 0 0 	-5.999999999999999
125 150 50 0 0 0 25 75 100 0 0 0 	20.0
125 150 50 0 0 0 25 100 75 0 0 0 	5.999999999999999
125 150 50 0 0 0 75 25 100 0 0 0 	-3.9999999999999996
125 150 50 0 0 0 75 100 25 0 0 0 	5.999999999999999
125 150 50 0 0 0 100 25 75 0 0 0 	-5.999999999999999
125 150 50 0 0 0 100 75 25 0 0 0 	-5.999999999999999
125 150 75 0 0 0 25 50 100 0 0 0 	11.999999999999998
125 150 75 0 0 0 25 100 50 0 0 0 	5.999999999999999
125 150 75 0 0 0 50 25 100 0 0 0 	-18.000000000000004
125 150 75 0 0 0 50 100 25 0 0 0 	5.999999999999999
125 150 75 0 0 0 100 25 50 0 0 0 	-5.999999999999999
125 150 75 0 0 0 100 50 25 0 0 0 	-5.999999999999999
125 150 100 0 0 0 25 50 75 0 0 0 	20.0
125 150 100 0 0 0 25 75 50 0 0 0 	20.0
125 150 100 0 0 0 50 25 75 0 0 0 	-18.000000000000004
125 150 100 0 0 0 50 75 25 0 0 0 	-3.9999999999999996
125 150 100 0 0 0 75 25 50 0 0 0 	-5.999999999999999
125 150 100 0 0 0 75 50 25 0 0 0 	-5.999999999999999
150 25 50 0 0 0 75 100 125 0 0 0 	18.000000000000004
150 25 50 0 0 0 75 125 100 0 0 0 	18.000000000000004
150 25 50 0 0 0 100 75 125 0 0 0 	18.000000000000004
150 25 50 0 0 0 100 125 75 0 0 0 	18.000000000000004
150 25 50 0 0 0 125 75 100 0 0 0 	18.000000000000004
150 25 50 0 0 0 125 100 75 0 0 0 	18.000000000000004
150 25 75 0 0 0 50 100 125 0 0 0 	-11.999999999999998
150 25 75 0 0 0 50 125 100 0 0 0 	-7.999999999999999
150 25 75 0 0 0 100 50 125 0 0 0 	5.999999999999999
150 25 75 0 0 0 100 125 50 0 0 0 	20.0
150 25 75 0 0 0 125 50 100 0 0 0 	5.999999999999999
150 25 75 0 0 0 125 100 50 0 0 0 	20.0
150 25 100 0 0 0 50 75 125 0 0 0 	-11.999999999999998
150 25 100 0 0 0 50 125 75 0 0 0 	-7.999999999999999
150 25 100 0 0 0 75 50 125 0 0 0 	18.000000000000004
150 25 100 0 0 0 75 125 50 0 0 0 	20.0
150 25 100 0 0 0 125 50 75 0 0 0 	5.999999999999999
150 25 100 0 0 0 125 75 50 0 0 0 	20.0
150 25 125 0 0 0 50 75 100 0 0 0 	18.000000000000004
150 25 125 0 0 0 50 100 75 0 0 0 	18.000000000000004
150 25 125 0 0 0 75 50 100 0 0 0 	18.000000000000004
150 25 125 0 0 0 75 100 50 0 0 0 	18.000000000000004
150 25 125 0 0 0 100 50 75 0 0 0 	20.0
150 25 125 0 0 0 100 75 50 0 0 0 	18.000000000000004
150 50 25 0 0 0 75 100 125 0 0 0 	10.0
150 50 25 0 0 0 75 125 100 0 0 0 	10.0
150 50 25 0 0 0 100 75 125 0 0 0 	10.0
150 50 25 0 0 0 100 125 75 0 0 0 	10.0
150 50 25 0 0 0 125 75 100 0 0 0 	10.0
150 50 25 0 0 0 125 100 75 0 0 0 	10.0
150 50 75 0 0 0 25 100 125 0 0 0 	-11.999999999999998
150 50 75 0 0 0 25 125 100 0 0 0 	-7.999999999999999
150 50 75 0 0 0 100 25 125 0 0 0 	11.999999999999998
150 50 75 0 0 0 100 125 25 0 0 0 	20.0
150 50 75 0 0 0 125 25 100 0 0 0 	7.999999999999999
150 50 75 0 0 0 125 100 25 0 0 0 	20.0
150 50 100 0 0 0 25 75 125 0 0 0 	-11.999999999999998
150 50 100 0 0 0 25 125 75 0 0 0 	-3.9999999999999996
150 50 100 0 0 0 75 25 125 0 0 0 	11.999999999999998
150 50 100 0 0 0 75 125 25 0 0 0 	20.0
150 50 100 0 0 0 125 25 75 0 0 0 	5.999999999999999
150 50 100 0 0 0 125 75 25 0 0 0 	18.000000000000004
150 50 125 0 0 0 25 75 100 0 0 0 	14.000000000000002
150 50 125 0 0 0 25 100 75 0 0 0 	18.000000000000004
150 50 125 0 0 0 75 25 100 0 0 0 	14.000000000000002
150 50 125 0 0 0 75 100 25 0 0 0 	18.000000000000004
150 50 125 0 0 0 100 25 75 0 0 0 	20.0
150 50 125 0 0 0 100 75 25 0 0 0 	18.000000000000004
150 75 25 0 0 0 50 100 125 0 0 0 	18.000000000000004
150 75 25 0 0 0 50 125 100 0 0 0 	-3.9999999999999996
150 75 25 0 0 0 100 50 125 0 0 0 	5.999999999999999
150 75 25 0 0 0 100 125 50 0 0 0 	10.0
150 75 25 0 0 0 125 50 100 0 0 0 	5.999999999999999
150 75 25 0 0 0 125 100 50 0 0 0 	5.999999999999999
150 75 50 0 0 0 25 100 125 0 0 0 	-11.999999999999998
150 75 50 0 0 0 25 125 100 0 0 0 	-3.9999999999999996
150 75 50 0 0 0 100 25 125 0 0 0 	7.999999999999999
150 75 50 0 0 0 100 125 25 0 0 0 	20.0
150 75 50 0 0 0 125 25 100 0 0 0 	7.999999999999999
150 75 50 0 0 0 125 100 25 0 0 0 	14.000000000000002
150 75 100 0 0 0 25 50 125 0 0 0 	-11.999999999999998
150 75 100 0 0 0 25 125 50 0 0 0 	-3.9999999999999996
150 75 100 0 0 0 50 25 125 0 0 0 	18.000000000000004
150 75 100 0 0 0 50 125 25 0 0 0 	20.0
150 75 100 0 0 0 125 25 50 0 0 0 	5.999999999999999
150 75 100 0 0 0 125 50 25 0 0 0 	18.000000000000004
150 75 125 0 0 0 25 50 100 0 0 0 	14.000000000000002
150 75 125 0 0 0 25 100 50 0 0 0 	18.000000000000004
150 75 125 0 0 0 50 25 100 0 0 0 	18.000000000000004
150 75 125 0 0 0 50 100 25 0 0 0 	18.000000000000004
150 75 125 0 0 0 100 25 50 0 0 0 	18.000000000000004
150 75 125 0 0 0 100 50 25 0 0 0 	18.000000000000004
150 100 25 0 0 0 50 75 125 0 0 0 	-1.9999999999999998
150 100 25 0 0 0 50 125 75 0 0 0 	10.0
150 100 25 0 0 0 75 50 125 0 0 0 	-1.9999999999999998
150 100 25 0 0 0 75 125 50 0 0 0 	10.0
150 100 25 0 0 0 125 50 75 0 0 0 	5.999999999999999
150 100 25 0 0 0 125 75 50 0 0 0 	5.999999999999999
150 100 50 0 0 0 25 75 125 0 0 0 	18.000000000000004
150 100 50 0 0 0 25 125 75 0 0 0 	11.999999999999998
150 100 50 0 0 0 75 25 125 0 0 0 	7.999999999999999
150 100 50 0 0 0 75 125 25 0 0 0 	20.0
150 100 50 0 0 0 125 25 75 0 0 0 	18.000000000000004
150 100 50 0 0 0 125 75 25 0 0 0 	14.000000000000002
150 100 75 0 0 0 25 50 125 0 0 0 	18.000000000000004
150 100 75 0 0 0 25 125 50 0 0 0 	11.999999999999998
150 100 75 0 0 0 50 25 125 0 0 0 	18.000000000000004
150 100 75 0 0 0 50 125 25 0 0 0 	20.0
150 100 75 0 0 0 125 25 50 0 0 0 	18.000000000000004
150 100 75 0 0 0 125 50 25 0 0 0 	14.000000000000002
150 100 125 0 0 0 25 50 75 0 0 0 	14.000000000000002
150 100 125 0 0 0 25 75 50 0 0 0 	14.000000000000002
150 100 125 0 0 0 50 25 75 0 0 0 	18.000000000000004
150 100 125 0 0 0 50 75 25 0 0 0 	18.000000000000004
150 100 125 0 0 0 75 25 50 0 0 0 	18.000000000000004
150 100 125 0 0 0 75 50 25 0 0 0 	18.000000000000004
150 125 25 0 0 0 50 75 100 0 0 0 	-1.9999999999999998
150 125 25 0 0 0 50 100 75 0 0 0 	-1.9999999999999998
150 125 25 0 0 0 75 50 100 0 0 0 	-1.9999999999999998
150 125 25 0 0 0 75 100 50 0 0 0 	-1.9999999999999998
150 125 25 0 0 0 100 50 75 0 0 0 	-1.9999999999999998
150 125 25 0 0 0 100 75 50 0 0 0 	-1.9999999999999998
150 125 50 0 0 0 25 75 100 0 0 0 	18.000000000000004
150 125 50 0 0 0 25 100 75 0 0 0 	18.000000000000004
150 125 50 0 0 0 75 25 100 0 0 0 	7.999999999999999
150 125 50 0 0 0 75 100 25 0 0 0 	15.999999999999998
150 125 50 0 0 0 100 25 75 0 0 0 	18.000000000000004
150 125 50 0 0 0 100 75 25 0 0 0 	14.000000000000002
150 125 75 0 0 0 25 50 100 0 0 0 	14.000000000000002
150 125 75 0 0 0 25 100 50 0 0 0 	18.000000000000004
150 125 75 0 0 0 50 25 100 0 0 0 	7.999999999999999
150 125 75 0 0 0 50 100 25 0 0 0 	15.999999999999998
150 125 75 0 0 0 100 25 50 0 0 0 	18.000000000000004
150 125 75 0 0 0 100 50 25 0 0 0 	14.000000000000002
150 125 100 0 0 0 25 50 75 0 0 0 	14.000000000000002
150 125 100 0 0 0 25 75 50 0 0 0 	18.000000000000004
150 125 100 0 0 0 50 25 75 0 0 0 	18.000000000000004
150 125 100 0 0 0 50 75 25 0 0 0 	18.000000000000004
150 125 100 0 0 0 75 25 50 0 0 0 	18.000000000000004
150 125 100 0 0 0 75 50 25 0 0 0 	18.000000000000004
