0 0 0 25 50 75 0 0 0 100 125 150	-11.999999999999996
0 0 0 25 50 75 0 0 0 100 150 125	11.999999999999996
0 0 0 25 50 75 0 0 0 125 100 150	-5.999999999999998
0 0 0 25 50 75 0 0 0 125 150 100	-11.999999999999996
0 0 0 25 50 75 0 0 0 150 100 125	-16.000000000000004
0 0 0 25 50 75 0 0 0 150 125 100	11.999999999999996
0 0 0 25 50 100 0 0 0 75 125 150	2.0000000000000004
0 0 0 25 50 100 0 0 0 75 150 125	5.999999999999998
0 0 0 25 50 100 0 0 0 125 75 150	-5.999999999999998
0 0 0 25 50 100 0 0 0 125 150 75	-2.0000000000000004
0 0 0 25 50 100 0 0 0 150 75 125	-5.999999999999998
0 0 0 25 50 100 0 0 0 150 125 75	11.999999999999996
0 0 0 25 50 125 0 0 0 75 100 150	2.0000000000000004
0 0 0 25 50 125 0 0 0 75 150 100	5.999999999999998
0 0 0 25 50 125 0 0 0 100 75 150	-5.999999999999998
0 0 0 25 50 125 0 0 0 100 150 75	2.0000000000000004
0 0 0 25 50 125 0 0 0 150 75 100	-5.999999999999998
0 0 0 25 50 125 0 0 0 150 100 75	11.999999999999996
0 0 0 25 50 150 0 0 0 75 100 125	2.0000000000000004
0 0 0 25 50 150 0 0 0 75 125 100	5.999999999999998
