0 0 100 50 0 0 -100 -50		(defvar *parameters* '((0 0 100 50) (0 0 -100 -50)))
-1000
0 10 100 50 0 -10 -100 -50		(defvar *parameters* '((0 10 100 50) (0 -10 -100 -50)))
-1000
0 20 100 50 0 -20 -100 -50		(defvar *parameters* '((0 20 100 50) (0 -20 -100 -50)))
-1000
0 30 100 50 0 -30 -100 -50		(defvar *parameters* '((0 30 100 50) (0 -30 -100 -50)))
-1000
0 40 100 50 0 -40 -100 -50		(defvar *parameters* '((0 40 100 50) (0 -40 -100 -50)))
-1000
0 50 100 50 0 -50 -100 -50		(defvar *parameters* '((0 50 100 50) (0 -50 -100 -50)))
-1000
0 60 100 50 0 -60 -100 -50		(defvar *parameters* '((0 60 100 50) (0 -60 -100 -50)))
-1000
0 70 100 50 0 -70 -100 -50		(defvar *parameters* '((0 70 100 50) (0 -70 -100 -50)))
-1000
0 80 100 50 0 -80 -100 -50		(defvar *parameters* '((0 80 100 50) (0 -80 -100 -50)))
-1000
0 90 100 50 0 -90 -100 -50		(defvar *parameters* '((0 90 100 50) (0 -90 -100 -50)))
-1000
0 100 100 50 0 -100 -100 -50		(defvar *parameters* '((0 100 100 50) (0 -100 -100 -50)))
-1000
-10 0 100 50 10 0 -100 -50		(defvar *parameters* '((-10 0 100 50) (10 0 -100 -50)))
-1000
-10 10 100 50 10 -10 -100 -50		(defvar *parameters* '((-10 10 100 50) (10 -10 -100 -50)))
-1000
-10 20 100 50 10 -20 -100 -50		(defvar *parameters* '((-10 20 100 50) (10 -20 -100 -50)))
-1000
-10 30 100 50 10 -30 -100 -50		(defvar *parameters* '((-10 30 100 50) (10 -30 -100 -50)))
-1000
-10 40 100 50 10 -40 -100 -50		(defvar *parameters* '((-10 40 100 50) (10 -40 -100 -50)))
-1000
-10 50 100 50 10 -50 -100 -50		(defvar *parameters* '((-10 50 100 50) (10 -50 -100 -50)))
-1000
-10 60 100 50 10 -60 -100 -50		(defvar *parameters* '((-10 60 100 50) (10 -60 -100 -50)))
-1000
-10 70 100 50 10 -70 -100 -50		(defvar *parameters* '((-10 70 100 50) (10 -70 -100 -50)))
-1000
-10 80 100 50 10 -80 -100 -50		(defvar *parameters* '((-10 80 100 50) (10 -80 -100 -50)))
-1000
-10 90 100 50 10 -90 -100 -50		(defvar *parameters* '((-10 90 100 50) (10 -90 -100 -50)))
-1000
-10 100 100 50 10 -100 -100 -50		(defvar *parameters* '((-10 100 100 50) (10 -100 -100 -50)))
-1000
-20 0 100 50 20 0 -100 -50		(defvar *parameters* '((-20 0 100 50) (20 0 -100 -50)))
-1000
-20 10 100 50 20 -10 -100 -50		(defvar *parameters* '((-20 10 100 50) (20 -10 -100 -50)))
-1000
-20 20 100 50 20 -20 -100 -50		(defvar *parameters* '((-20 20 100 50) (20 -20 -100 -50)))
-1000
-20 30 100 50 20 -30 -100 -50		(defvar *parameters* '((-20 30 100 50) (20 -30 -100 -50)))
-1000
-20 40 100 50 20 -40 -100 -50		(defvar *parameters* '((-20 40 100 50) (20 -40 -100 -50)))
-1000
-20 50 100 50 20 -50 -100 -50		(defvar *parameters* '((-20 50 100 50) (20 -50 -100 -50)))
-1000
-20 60 100 50 20 -60 -100 -50		(defvar *parameters* '((-20 60 100 50) (20 -60 -100 -50)))
-1000
-20 70 100 50 20 -70 -100 -50		(defvar *parameters* '((-20 70 100 50) (20 -70 -100 -50)))
-1000
-20 80 100 50 20 -80 -100 -50		(defvar *parameters* '((-20 80 100 50) (20 -80 -100 -50)))
-1000
-20 90 100 50 20 -90 -100 -50		(defvar *parameters* '((-20 90 100 50) (20 -90 -100 -50)))
-1000
-20 100 100 50 20 -100 -100 -50		(defvar *parameters* '((-20 100 100 50) (20 -100 -100 -50)))
-1000
-30 0 100 50 30 0 -100 -50		(defvar *parameters* '((-30 0 100 50) (30 0 -100 -50)))
-1000
-30 10 100 50 30 -10 -100 -50		(defvar *parameters* '((-30 10 100 50) (30 -10 -100 -50)))
-1000
-30 20 100 50 30 -20 -100 -50		(defvar *parameters* '((-30 20 100 50) (30 -20 -100 -50)))
-1000
-30 30 100 50 30 -30 -100 -50		(defvar *parameters* '((-30 30 100 50) (30 -30 -100 -50)))
-1000
-30 40 100 50 30 -40 -100 -50		(defvar *parameters* '((-30 40 100 50) (30 -40 -100 -50)))
-1000
-30 50 100 50 30 -50 -100 -50		(defvar *parameters* '((-30 50 100 50) (30 -50 -100 -50)))
-1000
-30 60 100 50 30 -60 -100 -50		(defvar *parameters* '((-30 60 100 50) (30 -60 -100 -50)))
-1000
-30 70 100 50 30 -70 -100 -50		(defvar *parameters* '((-30 70 100 50) (30 -70 -100 -50)))
-1000
-30 80 100 50 30 -80 -100 -50		(defvar *parameters* '((-30 80 100 50) (30 -80 -100 -50)))
-1000
-30 90 100 50 30 -90 -100 -50		(defvar *parameters* '((-30 90 100 50) (30 -90 -100 -50)))
-1000
-30 100 100 50 30 -100 -100 -50		(defvar *parameters* '((-30 100 100 50) (30 -100 -100 -50)))
-1000
-40 0 100 50 40 0 -100 -50		(defvar *parameters* '((-40 0 100 50) (40 0 -100 -50)))
-1000
-40 10 100 50 40 -10 -100 -50		(defvar *parameters* '((-40 10 100 50) (40 -10 -100 -50)))
-1000
-40 20 100 50 40 -20 -100 -50		(defvar *parameters* '((-40 20 100 50) (40 -20 -100 -50)))
-1000
-40 30 100 50 40 -30 -100 -50		(defvar *parameters* '((-40 30 100 50) (40 -30 -100 -50)))
-1000
-40 40 100 50 40 -40 -100 -50		(defvar *parameters* '((-40 40 100 50) (40 -40 -100 -50)))
-1000
-40 50 100 50 40 -50 -100 -50		(defvar *parameters* '((-40 50 100 50) (40 -50 -100 -50)))
-1000
-40 60 100 50 40 -60 -100 -50		(defvar *parameters* '((-40 60 100 50) (40 -60 -100 -50)))
-1000
-40 70 100 50 40 -70 -100 -50		(defvar *parameters* '((-40 70 100 50) (40 -70 -100 -50)))
-1000
-40 80 100 50 40 -80 -100 -50		(defvar *parameters* '((-40 80 100 50) (40 -80 -100 -50)))
-1000
-40 90 100 50 40 -90 -100 -50		(defvar *parameters* '((-40 90 100 50) (40 -90 -100 -50)))
-1000
-40 100 100 50 40 -100 -100 -50		(defvar *parameters* '((-40 100 100 50) (40 -100 -100 -50)))
-1000
-50 0 100 50 50 0 -100 -50		(defvar *parameters* '((-50 0 100 50) (50 0 -100 -50)))
-1000
-50 10 100 50 50 -10 -100 -50		(defvar *parameters* '((-50 10 100 50) (50 -10 -100 -50)))
-1000
-50 20 100 50 50 -20 -100 -50		(defvar *parameters* '((-50 20 100 50) (50 -20 -100 -50)))
-1000
-50 30 100 50 50 -30 -100 -50		(defvar *parameters* '((-50 30 100 50) (50 -30 -100 -50)))
-1000
-50 40 100 50 50 -40 -100 -50		(defvar *parameters* '((-50 40 100 50) (50 -40 -100 -50)))
-1000
-50 50 100 50 50 -50 -100 -50		(defvar *parameters* '((-50 50 100 50) (50 -50 -100 -50)))
-1000
-50 60 100 50 50 -60 -100 -50		(defvar *parameters* '((-50 60 100 50) (50 -60 -100 -50)))
-1000
-50 70 100 50 50 -70 -100 -50		(defvar *parameters* '((-50 70 100 50) (50 -70 -100 -50)))
-1000
-50 80 100 50 50 -80 -100 -50		(defvar *parameters* '((-50 80 100 50) (50 -80 -100 -50)))
-1000
-50 90 100 50 50 -90 -100 -50		(defvar *parameters* '((-50 90 100 50) (50 -90 -100 -50)))
-1000
-50 100 100 50 50 -100 -100 -50		(defvar *parameters* '((-50 100 100 50) (50 -100 -100 -50)))
-1000
-60 0 100 50 60 0 -100 -50		(defvar *parameters* '((-60 0 100 50) (60 0 -100 -50)))
-1000
-60 10 100 50 60 -10 -100 -50		(defvar *parameters* '((-60 10 100 50) (60 -10 -100 -50)))
-1000
-60 20 100 50 60 -20 -100 -50		(defvar *parameters* '((-60 20 100 50) (60 -20 -100 -50)))
-1000
-60 30 100 50 60 -30 -100 -50		(defvar *parameters* '((-60 30 100 50) (60 -30 -100 -50)))
-1000
-60 40 100 50 60 -40 -100 -50		(defvar *parameters* '((-60 40 100 50) (60 -40 -100 -50)))
-1000
-60 50 100 50 60 -50 -100 -50		(defvar *parameters* '((-60 50 100 50) (60 -50 -100 -50)))
-1000
-60 60 100 50 60 -60 -100 -50		(defvar *parameters* '((-60 60 100 50) (60 -60 -100 -50)))
-1000
-60 70 100 50 60 -70 -100 -50		(defvar *parameters* '((-60 70 100 50) (60 -70 -100 -50)))
-1000
-60 80 100 50 60 -80 -100 -50		(defvar *parameters* '((-60 80 100 50) (60 -80 -100 -50)))
-1000
-60 90 100 50 60 -90 -100 -50		(defvar *parameters* '((-60 90 100 50) (60 -90 -100 -50)))
-1000
-60 100 100 50 60 -100 -100 -50		(defvar *parameters* '((-60 100 100 50) (60 -100 -100 -50)))
-1000
-70 0 100 50 70 0 -100 -50		(defvar *parameters* '((-70 0 100 50) (70 0 -100 -50)))
-1000
-70 10 100 50 70 -10 -100 -50		(defvar *parameters* '((-70 10 100 50) (70 -10 -100 -50)))
-1000
-70 20 100 50 70 -20 -100 -50		(defvar *parameters* '((-70 20 100 50) (70 -20 -100 -50)))
-1000
-70 30 100 50 70 -30 -100 -50		(defvar *parameters* '((-70 30 100 50) (70 -30 -100 -50)))
-1000
-70 40 100 50 70 -40 -100 -50		(defvar *parameters* '((-70 40 100 50) (70 -40 -100 -50)))
-1000
-70 50 100 50 70 -50 -100 -50		(defvar *parameters* '((-70 50 100 50) (70 -50 -100 -50)))
-1000
-70 60 100 50 70 -60 -100 -50		(defvar *parameters* '((-70 60 100 50) (70 -60 -100 -50)))
-1000
-70 70 100 50 70 -70 -100 -50		(defvar *parameters* '((-70 70 100 50) (70 -70 -100 -50)))
-1000
-70 80 100 50 70 -80 -100 -50		(defvar *parameters* '((-70 80 100 50) (70 -80 -100 -50)))
-1000
-70 90 100 50 70 -90 -100 -50		(defvar *parameters* '((-70 90 100 50) (70 -90 -100 -50)))
-1000
-70 100 100 50 70 -100 -100 -50		(defvar *parameters* '((-70 100 100 50) (70 -100 -100 -50)))
-1000
-80 0 100 50 80 0 -100 -50		(defvar *parameters* '((-80 0 100 50) (80 0 -100 -50)))
-1000
-80 10 100 50 80 -10 -100 -50		(defvar *parameters* '((-80 10 100 50) (80 -10 -100 -50)))
-1000
-80 20 100 50 80 -20 -100 -50		(defvar *parameters* '((-80 20 100 50) (80 -20 -100 -50)))
-1000
-80 30 100 50 80 -30 -100 -50		(defvar *parameters* '((-80 30 100 50) (80 -30 -100 -50)))
-1000
-80 40 100 50 80 -40 -100 -50		(defvar *parameters* '((-80 40 100 50) (80 -40 -100 -50)))
-1000
-80 50 100 50 80 -50 -100 -50		(defvar *parameters* '((-80 50 100 50) (80 -50 -100 -50)))
-1000
-80 60 100 50 80 -60 -100 -50		(defvar *parameters* '((-80 60 100 50) (80 -60 -100 -50)))
-1000
-80 70 100 50 80 -70 -100 -50		(defvar *parameters* '((-80 70 100 50) (80 -70 -100 -50)))
-1000
-80 80 100 50 80 -80 -100 -50		(defvar *parameters* '((-80 80 100 50) (80 -80 -100 -50)))
-1000
-80 90 100 50 80 -90 -100 -50		(defvar *parameters* '((-80 90 100 50) (80 -90 -100 -50)))
-1000
-80 100 100 50 80 -100 -100 -50		(defvar *parameters* '((-80 100 100 50) (80 -100 -100 -50)))
-1000
-90 0 100 50 90 0 -100 -50		(defvar *parameters* '((-90 0 100 50) (90 0 -100 -50)))
-1000
-90 10 100 50 90 -10 -100 -50		(defvar *parameters* '((-90 10 100 50) (90 -10 -100 -50)))
-1000
-90 20 100 50 90 -20 -100 -50		(defvar *parameters* '((-90 20 100 50) (90 -20 -100 -50)))
-1000
-90 30 100 50 90 -30 -100 -50		(defvar *parameters* '((-90 30 100 50) (90 -30 -100 -50)))
-1000
-90 40 100 50 90 -40 -100 -50		(defvar *parameters* '((-90 40 100 50) (90 -40 -100 -50)))
-1000
-90 50 100 50 90 -50 -100 -50		(defvar *parameters* '((-90 50 100 50) (90 -50 -100 -50)))
-1000
-90 60 100 50 90 -60 -100 -50		(defvar *parameters* '((-90 60 100 50) (90 -60 -100 -50)))
-1000
-90 70 100 50 90 -70 -100 -50		(defvar *parameters* '((-90 70 100 50) (90 -70 -100 -50)))
-1000
-90 80 100 50 90 -80 -100 -50		(defvar *parameters* '((-90 80 100 50) (90 -80 -100 -50)))
-1000
-90 90 100 50 90 -90 -100 -50		(defvar *parameters* '((-90 90 100 50) (90 -90 -100 -50)))
-1000
-90 100 100 50 90 -100 -100 -50		(defvar *parameters* '((-90 100 100 50) (90 -100 -100 -50)))
-1000
-100 0 100 50 100 0 -100 -50		(defvar *parameters* '((-100 0 100 50) (100 0 -100 -50)))
-1000
-100 10 100 50 100 -10 -100 -50		(defvar *parameters* '((-100 10 100 50) (100 -10 -100 -50)))
-1000
-100 20 100 50 100 -20 -100 -50		(defvar *parameters* '((-100 20 100 50) (100 -20 -100 -50)))
-1000
-100 30 100 50 100 -30 -100 -50		(defvar *parameters* '((-100 30 100 50) (100 -30 -100 -50)))
-1000
-100 40 100 50 100 -40 -100 -50		(defvar *parameters* '((-100 40 100 50) (100 -40 -100 -50)))
-1000
-100 50 100 50 100 -50 -100 -50		(defvar *parameters* '((-100 50 100 50) (100 -50 -100 -50)))
-1000
-100 60 100 50 100 -60 -100 -50		(defvar *parameters* '((-100 60 100 50) (100 -60 -100 -50)))
-1000
-100 70 100 50 100 -70 -100 -50		(defvar *parameters* '((-100 70 100 50) (100 -70 -100 -50)))
-1000
-100 80 100 50 100 -80 -100 -50		(defvar *parameters* '((-100 80 100 50) (100 -80 -100 -50)))
-1000
-100 90 100 50 100 -90 -100 -50		(defvar *parameters* '((-100 90 100 50) (100 -90 -100 -50)))
-1000
-100 100 100 50 100 -100 -100 -50		(defvar *parameters* '((-100 100 100 50) (100 -100 -100 -50)))
-1000
