0 0 0 100 125 25 0 0 0 75 150 50    -18.0
0 0 0 100 50 25 0 0 0 125 150 75    -18.0
0 0 0 100 75 25 0 0 0 125 150 50    -18.0
0 0 0 125 150 25 0 0 0 75 100 50    -18.0
0 0 0 125 50 25 0 0 0 100 150 75    -18.0
0 0 0 125 75 25 0 0 0 100 150 50    -18.0
0 0 0 150 100 25 0 0 0 75 125 50    -18.0
0 0 0 150 125 25 0 0 0 75 100 50    -18.0
0 0 0 150 50 25 0 0 0 100 125 75    -18.0
0 0 0 150 75 25 0 0 0 100 125 50    -18.0
0 0 0 50 100 25 0 0 0 125 150 75    -18.0
0 0 0 50 125 25 0 0 0 100 150 75    -18.0
0 0 0 50 150 25 0 0 0 100 125 75    -18.0
0 0 0 50 75 25 0 0 0 125 150 100    -18.0
0 0 0 75 100 25 0 0 0 125 150 50    -18.0
0 0 0 75 150 25 0 0 0 100 125 50    -18.0
0 0 0 75 50 25 0 0 0 125 150 100    -18.0
0 0 0 75 125 25 0 0 0 100 150 50    -17.6
0 0 0 100 150 25 0 0 0 75 125 50    -17.3
0 0 0 25 50 75 0 0 0 150 100 125    -16.000000000000004
0 0 0 75 50 25 0 0 0 150 100 125    -16.000000000000004
0 0 0 50 25 75 0 0 0 150 100 125    -14.100000000000003
0 0 0 100 150 50 0 0 0 25 75 125    -13.999999999999995
0 0 0 100 150 75 0 0 0 25 50 125    -13.999999999999995
0 0 0 100 50 150 0 0 0 25 75 125    -13.999999999999995
0 0 0 150 100 50 0 0 0 25 75 125    -13.999999999999995
0 0 0 150 100 75 0 0 0 25 50 125    -13.999999999999995
0 0 0 150 50 100 0 0 0 25 75 125    -13.999999999999995
0 0 0 150 75 100 0 0 0 25 50 125    -13.999999999999995
0 0 0 50 100 150 0 0 0 25 75 125    -13.999999999999995
0 0 0 50 150 100 0 0 0 25 75 125    -13.999999999999995
0 0 0 75 100 150 0 0 0 25 50 125    -13.999999999999995
0 0 0 75 150 100 0 0 0 25 50 125    -13.999999999999995
0 0 0 75 25 125 0 0 0 50 100 150    -13.999999999999995
0 0 0 125 100 25 0 0 0 75 150 50    -13.700000000000003
0 0 0 100 75 150 0 0 0 25 50 125    -13.399999999999995
0 0 0 75 25 50 0 0 0 150 100 125    -13.200000000000003
0 0 0 125 50 100 0 0 0 25 150 75    -12.999999999999996
0 0 0 125 25 100 0 0 0 50 75 150    -12.499999999999995
0 0 0 100 125 50 0 0 0 25 150 75    -11.999999999999996
0 0 0 100 125 75 0 0 0 25 150 50    -11.999999999999996
0 0 0 100 150 50 0 0 0 25 125 75    -11.999999999999996
0 0 0 100 25 50 0 0 0 125 150 75    -11.999999999999996
0 0 0 100 50 125 0 0 0 25 150 75    -11.999999999999996
0 0 0 100 50 150 0 0 0 25 125 75    -11.999999999999996
0 0 0 100 50 25 0 0 0 75 150 125    -11.999999999999996
0 0 0 100 50 75 0 0 0 25 150 125    -11.999999999999996
0 0 0 100 75 125 0 0 0 25 150 50    -11.999999999999996
0 0 0 100 75 150 0 0 0 25 125 50    -11.999999999999996
0 0 0 100 75 50 0 0 0 25 150 125    -11.999999999999996
0 0 0 125 100 50 0 0 0 25 150 75    -11.999999999999996
0 0 0 125 100 75 0 0 0 25 150 50    -11.999999999999996
0 0 0 125 150 50 0 0 0 25 100 75    -11.999999999999996
0 0 0 125 150 50 0 0 0 25 75 100    -11.999999999999996
0 0 0 125 25 50 0 0 0 100 150 75    -11.999999999999996
0 0 0 125 50 150 0 0 0 25 100 75    -11.999999999999996
0 0 0 125 50 150 0 0 0 25 75 100    -11.999999999999996
0 0 0 125 50 25 0 0 0 75 150 100    -11.999999999999996
0 0 0 125 75 100 0 0 0 25 150 50    -11.999999999999996
0 0 0 125 75 50 0 0 0 25 150 100    -11.999999999999996
0 0 0 150 100 50 0 0 0 25 125 75    -11.999999999999996
0 0 0 150 100 75 0 0 0 25 125 50    -11.999999999999996
0 0 0 150 125 50 0 0 0 25 100 75    -11.999999999999996
0 0 0 150 125 50 0 0 0 25 75 100    -11.999999999999996
0 0 0 150 25 100 0 0 0 50 75 125    -11.999999999999996
0 0 0 150 25 50 0 0 0 100 125 75    -11.999999999999996
0 0 0 150 50 100 0 0 0 25 125 75    -11.999999999999996
0 0 0 150 50 125 0 0 0 25 100 75    -11.999999999999996
0 0 0 150 50 125 0 0 0 25 75 100    -11.999999999999996
0 0 0 150 50 75 0 0 0 25 100 125    -11.999999999999996
0 0 0 150 50 75 0 0 0 25 125 100    -11.999999999999996
0 0 0 150 75 100 0 0 0 25 125 50    -11.999999999999996
0 0 0 150 75 50 0 0 0 100 125 25    -11.999999999999996
0 0 0 150 75 50 0 0 0 25 100 125    -11.999999999999996
0 0 0 150 75 50 0 0 0 25 125 100    -11.999999999999996
0 0 0 25 100 50 0 0 0 125 150 75    -11.999999999999996
0 0 0 25 125 50 0 0 0 100 150 75    -11.999999999999996
0 0 0 25 150 50 0 0 0 100 125 75    -11.999999999999996
0 0 0 25 50 75 0 0 0 100 125 150    -11.999999999999996
0 0 0 25 50 75 0 0 0 125 150 100    -11.999999999999996
0 0 0 25 75 50 0 0 0 100 150 125    -11.999999999999996
0 0 0 25 75 50 0 0 0 125 150 100    -11.999999999999996
0 0 0 50 100 125 0 0 0 25 150 75    -11.999999999999996
0 0 0 50 100 150 0 0 0 25 125 75    -11.999999999999996
0 0 0 50 100 25 0 0 0 75 150 125    -11.999999999999996
0 0 0 50 100 75 0 0 0 25 150 125    -11.999999999999996
0 0 0 50 125 100 0 0 0 25 150 75    -11.999999999999996
0 0 0 50 125 150 0 0 0 25 75 100    -11.999999999999996
0 0 0 50 125 75 0 0 0 25 150 100    -11.999999999999996
0 0 0 50 150 125 0 0 0 25 100 75    -11.999999999999996
0 0 0 50 150 125 0 0 0 25 75 100    -11.999999999999996
0 0 0 50 150 75 0 0 0 25 125 100    -11.999999999999996
0 0 0 50 25 75 0 0 0 100 125 150    -11.999999999999996
0 0 0 50 25 75 0 0 0 125 150 100    -11.999999999999996
0 0 0 50 75 100 0 0 0 25 150 125    -11.999999999999996
0 0 0 50 75 125 0 0 0 25 150 100    -11.999999999999996
0 0 0 50 75 150 0 0 0 25 100 125    -11.999999999999996
0 0 0 50 75 150 0 0 0 25 125 100    -11.999999999999996
0 0 0 50 75 25 0 0 0 100 150 125    -11.999999999999996
0 0 0 75 100 150 0 0 0 25 125 50    -11.999999999999996
0 0 0 75 125 100 0 0 0 25 150 50    -11.999999999999996
0 0 0 75 125 50 0 0 0 25 150 100    -11.999999999999996
0 0 0 75 150 50 0 0 0 100 125 25    -11.999999999999996
0 0 0 75 150 50 0 0 0 25 100 125    -11.999999999999996
0 0 0 75 150 50 0 0 0 25 125 100    -11.999999999999996
0 0 0 75 25 100 0 0 0 50 125 150    -11.999999999999996
0 0 0 75 25 50 0 0 0 100 150 125    -11.999999999999996
0 0 0 75 25 50 0 0 0 125 150 100    -11.999999999999996
0 0 0 75 50 150 0 0 0 25 125 100    -11.999999999999996
0 0 0 75 50 25 0 0 0 100 150 125    -11.999999999999996
0 0 0 75 100 125 0 0 0 25 150 50    -11.899999999999997
0 0 0 75 150 100 0 0 0 25 125 50    -11.599999999999998
0 0 0 100 150 75 0 0 0 25 125 50    -11.199999999999996
0 0 0 150 50 25 0 0 0 75 125 100    -11.199999999999996
0 0 0 100 50 25 0 0 0 75 125 150    -11.0
0 0 0 125 50 75 0 0 0 25 150 100    -10.599999999999996
0 0 0 125 150 25 0 0 0 50 75 100    -10.5
0 0 0 75 50 125 0 0 0 25 150 100    -10.499999999999998
0 0 0 50 150 75 0 0 0 25 100 125    -10.299999999999995
0 0 0 75 125 25 0 0 0 50 100 150    -10.2
0 0 0 100 125 25 0 0 0 50 75 150    -10.0
0 0 0 100 150 25 0 0 0 50 75 125    -10.0
0 0 0 100 25 50 0 0 0 75 125 150    -10.0
0 0 0 100 25 75 0 0 0 50 125 150    -10.0
0 0 0 100 75 25 0 0 0 50 125 150    -10.0
0 0 0 125 100 25 0 0 0 150 75 50    -10.0
0 0 0 125 100 25 0 0 0 50 75 150    -10.0
0 0 0 125 25 75 0 0 0 50 100 150    -10.0
0 0 0 125 50 25 0 0 0 100 75 150    -10.0
0 0 0 125 50 25 0 0 0 75 100 150    -10.0
0 0 0 125 75 25 0 0 0 50 100 150    -10.0
0 0 0 150 100 25 0 0 0 50 75 125    -10.0
0 0 0 150 125 25 0 0 0 50 75 100    -10.0
0 0 0 150 25 50 0 0 0 75 100 125    -10.0
0 0 0 150 25 75 0 0 0 50 100 125    -10.0
0 0 0 150 75 25 0 0 0 50 100 125    -10.0
0 0 0 25 75 50 0 0 0 100 125 150    -10.0
0 0 0 50 100 25 0 0 0 75 125 150    -10.0
0 0 0 50 125 25 0 0 0 75 100 150    -10.0
0 0 0 50 150 25 0 0 0 75 100 125    -10.0
0 0 0 50 75 25 0 0 0 100 125 150    -10.0
0 0 0 75 100 25 0 0 0 50 125 150    -10.0
0 0 0 75 150 25 0 0 0 50 100 125    -10.0
0 0 0 75 25 50 0 0 0 100 125 150    -10.0
0 0 0 75 50 25 0 0 0 100 125 150    -10.0
0 0 0 75 50 150 0 0 0 25 100 125    -9.799999999999997
0 0 0 125 50 25 0 0 0 150 100 75    -8.300000000000002
0 0 0 100 75 125 0 0 0 50 150 25    -8.200000000000001
0 0 0 100 50 25 0 0 0 125 75 150    -8.000000000000002
0 0 0 100 50 25 0 0 0 150 125 75    -8.000000000000002
0 0 0 100 75 150 0 0 0 50 125 25    -8.000000000000002
0 0 0 100 75 25 0 0 0 125 50 150    -8.000000000000002
0 0 0 100 75 25 0 0 0 150 125 50    -8.000000000000002
0 0 0 125 75 25 0 0 0 150 100 50    -8.000000000000002
0 0 0 150 100 25 0 0 0 125 75 50    -8.000000000000002
0 0 0 150 50 25 0 0 0 125 100 75    -8.000000000000002
0 0 0 150 75 100 0 0 0 50 125 25    -8.000000000000002
0 0 0 150 75 25 0 0 0 125 100 50    -8.000000000000002
0 0 0 50 100 25 0 0 0 150 125 75    -8.000000000000002
0 0 0 50 125 25 0 0 0 150 100 75    -8.000000000000002
0 0 0 50 150 25 0 0 0 125 100 75    -8.000000000000002
0 0 0 50 75 25 0 0 0 150 125 100    -8.000000000000002
0 0 0 75 100 125 0 0 0 50 150 25    -8.000000000000002
0 0 0 75 100 150 0 0 0 50 125 25    -8.000000000000002
0 0 0 75 50 25 0 0 0 125 100 150    -8.000000000000002
0 0 0 75 50 25 0 0 0 150 125 100    -8.000000000000002
0 0 0 75 125 25 0 0 0 100 50 150    -7.999999999999998
0 0 0 75 50 100 0 0 0 25 150 125    -7.9999999999999964
0 0 0 125 75 100 0 0 0 50 150 25    -7.800000000000003
0 0 0 50 150 100 0 0 0 25 125 75    -7.799999999999998
0 0 0 100 25 50 0 0 0 150 75 125    -7.299999999999998
0 0 0 75 100 25 0 0 0 125 50 150    -7.100000000000002
0 0 0 75 25 125 0 0 0 100 50 150    -6.999999999999997
0 0 0 100 150 75 0 0 0 50 125 25    -6.499999999999997
0 0 0 50 150 125 0 0 0 75 25 100    -6.299999999999998
0 0 0 75 100 50 0 0 0 125 25 150    -6.299999999999998
0 0 0 100 150 25 0 0 0 125 50 75    -6.199999999999998
0 0 0 100 125 75 0 0 0 50 150 25    -6.1999999999999975
0 0 0 125 25 50 0 0 0 75 100 150    -6.0
0 0 0 100 125 150 0 0 0 50 25 75    -5.999999999999998
0 0 0 100 125 150 0 0 0 75 25 50    -5.999999999999998
0 0 0 100 125 25 0 0 0 150 50 75    -5.999999999999998
0 0 0 100 125 50 0 0 0 150 25 75    -5.999999999999998
0 0 0 100 125 50 0 0 0 75 150 25    -5.999999999999998
0 0 0 100 125 75 0 0 0 150 25 50    -5.999999999999998
0 0 0 100 150 125 0 0 0 50 25 75    -5.999999999999998
0 0 0 100 150 125 0 0 0 75 25 50    -5.999999999999998
0 0 0 100 150 50 0 0 0 125 25 75    -5.999999999999998
0 0 0 100 150 75 0 0 0 125 25 50    -5.999999999999998
0 0 0 100 25 125 0 0 0 150 50 75    -5.999999999999998
0 0 0 100 25 150 0 0 0 125 50 75    -5.999999999999998
0 0 0 100 25 150 0 0 0 75 50 125    -5.999999999999998
0 0 0 100 25 50 0 0 0 125 75 150    -5.999999999999998
0 0 0 100 25 75 0 0 0 150 50 125    -5.999999999999998
0 0 0 100 50 125 0 0 0 150 25 75    -5.999999999999998
0 0 0 100 50 150 0 0 0 125 25 75    -5.999999999999998
0 0 0 100 50 25 0 0 0 150 75 125    -5.999999999999998
0 0 0 100 50 75 0 0 0 125 25 150    -5.999999999999998
0 0 0 100 50 75 0 0 0 150 25 125    -5.999999999999998
0 0 0 100 75 125 0 0 0 150 25 50    -5.999999999999998
0 0 0 100 75 150 0 0 0 125 25 50    -5.999999999999998
0 0 0 100 75 25 0 0 0 150 50 125    -5.999999999999998
0 0 0 100 75 50 0 0 0 125 150 25    -5.999999999999998
0 0 0 100 75 50 0 0 0 125 25 150    -5.999999999999998
0 0 0 100 75 50 0 0 0 150 25 125    -5.999999999999998
0 0 0 125 100 150 0 0 0 50 25 75    -5.999999999999998
0 0 0 125 100 50 0 0 0 150 25 75    -5.999999999999998
0 0 0 125 100 50 0 0 0 75 150 25    -5.999999999999998
0 0 0 125 100 75 0 0 0 150 25 50    -5.999999999999998
0 0 0 125 100 75 0 0 0 50 150 25    -5.999999999999998
0 0 0 125 150 100 0 0 0 50 25 75    -5.999999999999998
0 0 0 125 150 100 0 0 0 75 25 50    -5.999999999999998
0 0 0 125 150 25 0 0 0 100 50 75    -5.999999999999998
0 0 0 125 150 25 0 0 0 75 50 100    -5.999999999999998
0 0 0 125 150 75 0 0 0 100 25 50    -5.999999999999998
0 0 0 125 25 100 0 0 0 150 50 75    -5.999999999999998
0 0 0 125 25 150 0 0 0 100 50 75    -5.999999999999998
0 0 0 125 25 150 0 0 0 75 50 100    -5.999999999999998
0 0 0 125 25 50 0 0 0 100 75 150    -5.999999999999998
0 0 0 125 25 50 0 0 0 150 75 100    -5.999999999999998
0 0 0 125 25 75 0 0 0 100 50 150    -5.999999999999998
0 0 0 125 50 100 0 0 0 150 25 75    -5.999999999999998
0 0 0 125 50 150 0 0 0 100 25 75    -5.999999999999998
0 0 0 125 50 150 0 0 0 75 25 100    -5.999999999999998
0 0 0 125 50 25 0 0 0 150 75 100    -5.999999999999998
0 0 0 125 75 150 0 0 0 100 25 50    -5.999999999999998
0 0 0 125 75 25 0 0 0 100 50 150    -5.999999999999998
0 0 0 125 75 50 0 0 0 100 150 25    -5.999999999999998
0 0 0 125 75 50 0 0 0 150 25 100    -5.999999999999998
0 0 0 150 100 125 0 0 0 50 25 75    -5.999999999999998
0 0 0 150 100 25 0 0 0 125 50 75    -5.999999999999998
0 0 0 150 100 25 0 0 0 75 50 125    -5.999999999999998
0 0 0 150 100 75 0 0 0 125 25 50    -5.999999999999998
0 0 0 150 100 75 0 0 0 50 125 25    -5.999999999999998
0 0 0 150 125 100 0 0 0 50 25 75    -5.999999999999998
0 0 0 150 125 100 0 0 0 75 25 50    -5.999999999999998
0 0 0 150 125 25 0 0 0 100 50 75    -5.999999999999998
0 0 0 150 125 25 0 0 0 75 50 100    -5.999999999999998
0 0 0 150 125 50 0 0 0 100 25 75    -5.999999999999998
0 0 0 150 125 50 0 0 0 75 25 100    -5.999999999999998
0 0 0 150 125 75 0 0 0 100 25 50    -5.999999999999998
0 0 0 150 25 100 0 0 0 125 50 75    -5.999999999999998
0 0 0 150 25 100 0 0 0 75 50 125    -5.999999999999998
0 0 0 150 25 125 0 0 0 100 50 75    -5.999999999999998
0 0 0 150 25 125 0 0 0 75 50 100    -5.999999999999998
0 0 0 150 25 50 0 0 0 100 75 125    -5.999999999999998
0 0 0 150 25 50 0 0 0 125 75 100    -5.999999999999998
0 0 0 150 25 75 0 0 0 125 50 100    -5.999999999999998
0 0 0 150 50 100 0 0 0 125 25 75    -5.999999999999998
0 0 0 150 50 125 0 0 0 75 25 100    -5.999999999999998
0 0 0 150 50 25 0 0 0 100 75 125    -5.999999999999998
0 0 0 150 50 25 0 0 0 125 75 100    -5.999999999999998
0 0 0 150 50 75 0 0 0 100 25 125    -5.999999999999998
0 0 0 150 50 75 0 0 0 125 25 100    -5.999999999999998
0 0 0 150 75 100 0 0 0 125 25 50    -5.999999999999998
0 0 0 150 75 25 0 0 0 100 50 125    -5.999999999999998
0 0 0 150 75 25 0 0 0 125 50 100    -5.999999999999998
0 0 0 150 75 50 0 0 0 100 25 125    -5.999999999999998
0 0 0 150 75 50 0 0 0 125 25 100    -5.999999999999998
0 0 0 25 100 125 0 0 0 150 50 75    -5.999999999999998
0 0 0 25 100 150 0 0 0 125 50 75    -5.999999999999998
0 0 0 25 100 150 0 0 0 75 50 125    -5.999999999999998
0 0 0 25 100 50 0 0 0 125 75 150    -5.999999999999998
0 0 0 25 100 50 0 0 0 150 75 125    -5.999999999999998
0 0 0 25 100 75 0 0 0 125 50 150    -5.999999999999998
0 0 0 25 100 75 0 0 0 150 50 125    -5.999999999999998
0 0 0 25 125 100 0 0 0 150 50 75    -5.999999999999998
0 0 0 25 125 150 0 0 0 100 50 75    -5.999999999999998
0 0 0 25 125 150 0 0 0 75 50 100    -5.999999999999998
0 0 0 25 125 50 0 0 0 100 75 150    -5.999999999999998
0 0 0 25 125 50 0 0 0 150 75 100    -5.999999999999998
0 0 0 25 125 75 0 0 0 100 50 150    -5.999999999999998
0 0 0 25 125 75 0 0 0 150 50 100    -5.999999999999998
0 0 0 25 150 100 0 0 0 125 50 75    -5.999999999999998
0 0 0 25 150 100 0 0 0 75 50 125    -5.999999999999998
0 0 0 25 150 125 0 0 0 100 50 75    -5.999999999999998
0 0 0 25 150 125 0 0 0 75 50 100    -5.999999999999998
0 0 0 25 150 50 0 0 0 100 75 125    -5.999999999999998
0 0 0 25 150 50 0 0 0 125 75 100    -5.999999999999998
0 0 0 25 150 75 0 0 0 100 50 125    -5.999999999999998
0 0 0 25 150 75 0 0 0 125 50 100    -5.999999999999998
0 0 0 25 50 100 0 0 0 125 75 150    -5.999999999999998
0 0 0 25 50 100 0 0 0 150 75 125    -5.999999999999998
0 0 0 25 50 125 0 0 0 100 75 150    -5.999999999999998
0 0 0 25 50 125 0 0 0 150 75 100    -5.999999999999998
0 0 0 25 50 150 0 0 0 100 75 125    -5.999999999999998
0 0 0 25 50 150 0 0 0 125 75 100    -5.999999999999998
0 0 0 25 50 75 0 0 0 125 100 150    -5.999999999999998
0 0 0 25 75 100 0 0 0 125 50 150    -5.999999999999998
0 0 0 25 75 100 0 0 0 150 50 125    -5.999999999999998
0 0 0 25 75 125 0 0 0 100 50 150    -5.999999999999998
0 0 0 25 75 125 0 0 0 150 50 100    -5.999999999999998
0 0 0 25 75 150 0 0 0 100 50 125    -5.999999999999998
0 0 0 25 75 150 0 0 0 125 50 100    -5.999999999999998
0 0 0 25 75 50 0 0 0 125 100 150    -5.999999999999998
0 0 0 25 75 50 0 0 0 150 100 125    -5.999999999999998
0 0 0 50 100 125 0 0 0 150 25 75    -5.999999999999998
0 0 0 50 100 150 0 0 0 125 25 75    -5.999999999999998
0 0 0 50 100 25 0 0 0 150 75 125    -5.999999999999998
0 0 0 50 100 75 0 0 0 125 25 150    -5.999999999999998
0 0 0 50 100 75 0 0 0 150 25 125    -5.999999999999998
0 0 0 50 125 100 0 0 0 150 25 75    -5.999999999999998
0 0 0 50 125 150 0 0 0 100 25 75    -5.999999999999998
0 0 0 50 125 25 0 0 0 150 75 100    -5.999999999999998
0 0 0 50 125 75 0 0 0 150 25 100    -5.999999999999998
0 0 0 50 150 125 0 0 0 100 25 75    -5.999999999999998
0 0 0 50 150 25 0 0 0 125 75 100    -5.999999999999998
0 0 0 50 150 75 0 0 0 100 25 125    -5.999999999999998
0 0 0 50 150 75 0 0 0 125 25 100    -5.999999999999998
0 0 0 50 25 100 0 0 0 125 75 150    -5.999999999999998
0 0 0 50 25 100 0 0 0 150 75 125    -5.999999999999998
0 0 0 50 25 125 0 0 0 150 75 100    -5.999999999999998
0 0 0 50 25 150 0 0 0 125 75 100    -5.999999999999998
0 0 0 50 75 100 0 0 0 125 25 150    -5.999999999999998
0 0 0 50 75 100 0 0 0 150 25 125    -5.999999999999998
0 0 0 50 75 150 0 0 0 100 25 125    -5.999999999999998
0 0 0 50 75 150 0 0 0 125 25 100    -5.999999999999998
0 0 0 50 75 25 0 0 0 150 100 125    -5.999999999999998
0 0 0 75 100 125 0 0 0 150 25 50    -5.999999999999998
0 0 0 75 100 150 0 0 0 125 25 50    -5.999999999999998
0 0 0 75 100 25 0 0 0 150 50 125    -5.999999999999998
0 0 0 75 100 50 0 0 0 125 150 25    -5.999999999999998
0 0 0 75 100 50 0 0 0 150 25 125    -5.999999999999998
0 0 0 75 125 100 0 0 0 150 25 50    -5.999999999999998
0 0 0 75 125 100 0 0 0 50 150 25    -5.999999999999998
0 0 0 75 125 150 0 0 0 100 25 50    -5.999999999999998
0 0 0 75 125 25 0 0 0 150 50 100    -5.999999999999998
0 0 0 75 125 50 0 0 0 100 150 25    -5.999999999999998
0 0 0 75 125 50 0 0 0 150 25 100    -5.999999999999998
0 0 0 75 150 100 0 0 0 125 25 50    -5.999999999999998
0 0 0 75 150 100 0 0 0 50 125 25    -5.999999999999998
0 0 0 75 150 125 0 0 0 100 25 50    -5.999999999999998
0 0 0 75 150 25 0 0 0 100 50 125    -5.999999999999998
0 0 0 75 150 25 0 0 0 125 50 100    -5.999999999999998
0 0 0 75 150 50 0 0 0 125 25 100    -5.999999999999998
0 0 0 75 25 100 0 0 0 150 50 125    -5.999999999999998
0 0 0 75 25 125 0 0 0 150 50 100    -5.999999999999998
0 0 0 75 25 150 0 0 0 100 50 125    -5.999999999999998
0 0 0 75 25 150 0 0 0 125 50 100    -5.999999999999998
0 0 0 75 25 150 0 0 0 50 100 125    -5.999999999999998
0 0 0 75 25 50 0 0 0 125 100 150    -5.999999999999998
0 0 0 75 50 100 0 0 0 125 25 150    -5.999999999999998
0 0 0 75 50 100 0 0 0 150 25 125    -5.999999999999998
0 0 0 75 50 125 0 0 0 150 25 100    -5.999999999999998
0 0 0 75 50 150 0 0 0 100 25 125    -5.999999999999998
0 0 0 150 100 125 0 0 0 75 25 50    -5.899999999999998
0 0 0 100 25 75 0 0 0 125 50 150    -5.799999999999998
0 0 0 150 25 75 0 0 0 100 50 125    -5.799999999999998
0 0 0 125 25 75 0 0 0 150 50 100    -5.599999999999998
0 0 0 125 75 25 0 0 0 150 50 100    -5.399999999999999
0 0 0 50 125 150 0 0 0 75 25 100    -5.399999999999999
0 0 0 125 150 50 0 0 0 75 25 100    -5.199999999999998
0 0 0 75 150 50 0 0 0 100 25 125    -5.199999999999998
0 0 0 50 25 125 0 0 0 100 75 150    -4.999999999999999
0 0 0 150 75 125 0 0 0 100 25 50    -4.999999999999998
0 0 0 75 100 50 0 0 0 25 150 125    -4.999999999999998
0 0 0 125 150 50 0 0 0 100 25 75    -4.899999999999999
0 0 0 50 25 150 0 0 0 100 75 125    -4.899999999999998
0 0 0 125 50 75 0 0 0 150 25 100    -4.799999999999999
0 0 0 50 25 75 0 0 0 125 100 150    -4.799999999999999
0 0 0 100 150 25 0 0 0 75 50 125    -4.599999999999999
0 0 0 125 100 150 0 0 0 75 25 50    -4.599999999999999
0 0 0 125 75 100 0 0 0 150 25 50    -4.599999999999999
0 0 0 50 75 125 0 0 0 150 25 100    -4.599999999999999
0 0 0 100 150 75 0 0 0 125 50 25    -4.000000000000001
0 0 0 125 150 25 0 0 0 100 75 50    -4.000000000000001
0 0 0 150 50 25 0 0 0 75 100 125    -4.000000000000001
0 0 0 75 150 100 0 0 0 125 50 25    -4.000000000000001
0 0 0 50 150 100 0 0 0 125 25 75    -3.799999999999999
0 0 0 75 25 100 0 0 0 125 50 150    -3.499999999999999
0 0 0 150 50 125 0 0 0 100 25 75    -3.199999999999999
0 0 0 75 50 150 0 0 0 125 25 100    -2.799999999999998
0 0 0 125 100 25 0 0 0 150 50 75    -2.4999999999999996
0 0 0 150 100 50 0 0 0 75 125 25    -2.2000000000000006
0 0 0 150 75 100 0 0 0 50 25 125    -2.0999999999999983
0 0 0 100 125 150 0 0 0 75 50 25    -2.0000000000000004
0 0 0 100 150 50 0 0 0 75 125 25    -2.0000000000000004
0 0 0 100 50 75 0 0 0 125 150 25    -2.0000000000000004
0 0 0 125 100 150 0 0 0 75 50 25    -2.0000000000000004
0 0 0 125 150 100 0 0 0 75 50 25    -2.0000000000000004
0 0 0 125 150 50 0 0 0 75 100 25    -2.0000000000000004
0 0 0 125 50 75 0 0 0 100 150 25    -2.0000000000000004
0 0 0 150 100 125 0 0 0 75 50 25    -2.0000000000000004
0 0 0 150 125 100 0 0 0 75 50 25    -2.0000000000000004
0 0 0 150 125 50 0 0 0 75 100 25    -2.0000000000000004
0 0 0 150 25 75 0 0 0 100 125 50    -2.0000000000000004
0 0 0 150 50 75 0 0 0 100 125 25    -2.0000000000000004
0 0 0 25 100 75 0 0 0 125 150 50    -2.0000000000000004
0 0 0 25 125 150 0 0 0 100 75 50    -2.0000000000000004
0 0 0 25 125 75 0 0 0 100 150 50    -2.0000000000000004
0 0 0 25 150 125 0 0 0 100 75 50    -2.0000000000000004
0 0 0 25 150 75 0 0 0 100 125 50    -2.0000000000000004
0 0 0 25 50 100 0 0 0 125 150 75    -2.0000000000000004
0 0 0 25 75 100 0 0 0 125 150 50    -2.0000000000000004
0 0 0 50 100 75 0 0 0 125 150 25    -2.0000000000000004
0 0 0 50 125 150 0 0 0 100 75 25    -2.0000000000000004
0 0 0 50 125 75 0 0 0 100 150 25    -2.0000000000000004
0 0 0 50 150 125 0 0 0 100 75 25    -2.0000000000000004
0 0 0 50 150 75 0 0 0 100 125 25    -2.0000000000000004
0 0 0 50 25 100 0 0 0 125 150 75    -2.0000000000000004
0 0 0 50 75 100 0 0 0 125 150 25    -2.0000000000000004
0 0 0 75 125 150 0 0 0 100 50 25    -2.0000000000000004
0 0 0 75 150 125 0 0 0 100 50 25    -2.0000000000000004
0 0 0 75 25 100 0 0 0 125 150 50    -2.0000000000000004
0 0 0 75 50 100 0 0 0 125 150 25    -2.0000000000000004
0 0 0 125 25 75 0 0 0 100 150 50    -1.8000000000000005
0 0 0 100 150 125 0 0 0 75 50 25    -1.6000000000000003
0 0 0 150 100 50 0 0 0 125 25 75    -1.5000000000000002
0 0 0 75 25 125 0 0 0 100 150 50    -1.3877787807814457e-16
0 0 0 100 25 75 0 0 0 125 150 50    -0.7999999999999998
0 0 0 50 75 125 0 0 0 25 100 150    -0.5000000000000007
0 0 0 125 150 75 0 0 0 50 100 25    0.0
0 0 0 150 125 75 0 0 0 50 100 25    0.0
0 0 0 25 125 100 0 0 0 75 150 50    0.0
0 0 0 25 150 100 0 0 0 75 125 50    0.0
0 0 0 75 125 150 0 0 0 50 100 25    0.0
0 0 0 125 50 75 0 0 0 100 25 150    0.6
0 0 0 75 150 125 0 0 0 50 100 25    0.8
0 0 0 150 100 125 0 0 0 50 75 25    1.0000000000000009
0 0 0 150 75 125 0 0 0 50 25 100    1.2000000000000004
0 0 0 125 25 150 0 0 0 75 100 50    1.5000000000000002
0 0 0 125 100 25 0 0 0 75 50 150    1.7000000000000002
0 0 0 50 75 125 0 0 0 100 150 25    1.7000000000000006
0 0 0 125 150 100 0 0 0 25 50 75    1.8000000000000003
0 0 0 50 25 150 0 0 0 100 125 75    1.8000000000000005
0 0 0 100 75 150 0 0 0 50 25 125    1.9000000000000006
0 0 0 100 125 25 0 0 0 150 75 50    2.0000000000000004
0 0 0 100 125 25 0 0 0 75 50 150    2.0000000000000004
0 0 0 100 125 50 0 0 0 75 25 150    2.0000000000000004
0 0 0 100 125 75 0 0 0 50 25 150    2.0000000000000004
0 0 0 100 150 25 0 0 0 125 75 50    2.0000000000000004
0 0 0 100 150 50 0 0 0 75 25 125    2.0000000000000004
0 0 0 100 150 75 0 0 0 50 25 125    2.0000000000000004
0 0 0 100 25 125 0 0 0 75 150 50    2.0000000000000004
0 0 0 100 25 125 0 0 0 75 50 150    2.0000000000000004
0 0 0 100 25 150 0 0 0 75 125 50    2.0000000000000004
0 0 0 100 50 125 0 0 0 75 150 25    2.0000000000000004
0 0 0 100 50 125 0 0 0 75 25 150    2.0000000000000004
0 0 0 100 50 150 0 0 0 75 125 25    2.0000000000000004
0 0 0 100 50 150 0 0 0 75 25 125    2.0000000000000004
0 0 0 100 75 125 0 0 0 50 25 150    2.0000000000000004
0 0 0 125 100 50 0 0 0 75 25 150    2.0000000000000004
0 0 0 125 100 75 0 0 0 50 25 150    2.0000000000000004
0 0 0 125 150 75 0 0 0 50 25 100    2.0000000000000004
0 0 0 125 25 100 0 0 0 75 150 50    2.0000000000000004
0 0 0 125 25 100 0 0 0 75 50 150    2.0000000000000004
0 0 0 125 50 100 0 0 0 75 150 25    2.0000000000000004
0 0 0 125 50 100 0 0 0 75 25 150    2.0000000000000004
0 0 0 125 50 150 0 0 0 75 100 25    2.0000000000000004
0 0 0 125 75 100 0 0 0 50 25 150    2.0000000000000004
0 0 0 125 75 150 0 0 0 50 25 100    2.0000000000000004
0 0 0 125 75 50 0 0 0 100 25 150    2.0000000000000004
0 0 0 150 100 50 0 0 0 75 25 125    2.0000000000000004
0 0 0 150 100 75 0 0 0 50 25 125    2.0000000000000004
0 0 0 150 125 75 0 0 0 50 25 100    2.0000000000000004
0 0 0 150 25 100 0 0 0 75 125 50    2.0000000000000004
0 0 0 150 25 125 0 0 0 75 100 50    2.0000000000000004
0 0 0 150 50 100 0 0 0 75 125 25    2.0000000000000004
0 0 0 150 50 100 0 0 0 75 25 125    2.0000000000000004
0 0 0 150 50 125 0 0 0 75 100 25    2.0000000000000004
0 0 0 25 100 125 0 0 0 50 75 150    2.0000000000000004
0 0 0 25 100 125 0 0 0 75 50 150    2.0000000000000004
0 0 0 25 100 150 0 0 0 50 75 125    2.0000000000000004
0 0 0 25 100 50 0 0 0 75 125 150    2.0000000000000004
0 0 0 25 100 75 0 0 0 50 125 150    2.0000000000000004
0 0 0 25 125 100 0 0 0 50 75 150    2.0000000000000004
0 0 0 25 125 100 0 0 0 75 50 150    2.0000000000000004
0 0 0 25 125 50 0 0 0 75 100 150    2.0000000000000004
0 0 0 25 125 75 0 0 0 50 100 150    2.0000000000000004
0 0 0 25 150 100 0 0 0 50 75 125    2.0000000000000004
0 0 0 25 150 50 0 0 0 75 100 125    2.0000000000000004
0 0 0 25 150 50 0 0 0 75 125 100    2.0000000000000004
0 0 0 25 150 75 0 0 0 50 100 125    2.0000000000000004
0 0 0 25 50 100 0 0 0 75 125 150    2.0000000000000004
0 0 0 25 50 125 0 0 0 100 150 75    2.0000000000000004
0 0 0 25 50 125 0 0 0 75 100 150    2.0000000000000004
0 0 0 25 50 150 0 0 0 100 125 75    2.0000000000000004
0 0 0 25 50 150 0 0 0 75 100 125    2.0000000000000004
0 0 0 25 75 100 0 0 0 50 125 150    2.0000000000000004
0 0 0 25 75 125 0 0 0 100 150 50    2.0000000000000004
0 0 0 25 75 125 0 0 0 50 100 150    2.0000000000000004
0 0 0 25 75 150 0 0 0 50 100 125    2.0000000000000004
0 0 0 50 100 125 0 0 0 75 25 150    2.0000000000000004
0 0 0 50 100 150 0 0 0 75 25 125    2.0000000000000004
0 0 0 50 125 100 0 0 0 75 150 25    2.0000000000000004
0 0 0 50 125 100 0 0 0 75 25 150    2.0000000000000004
0 0 0 50 125 25 0 0 0 75 150 100    2.0000000000000004
0 0 0 50 125 75 0 0 0 100 25 150    2.0000000000000004
0 0 0 50 150 100 0 0 0 75 125 25    2.0000000000000004
0 0 0 50 150 100 0 0 0 75 25 125    2.0000000000000004
0 0 0 50 150 25 0 0 0 75 125 100    2.0000000000000004
0 0 0 50 25 125 0 0 0 100 150 75    2.0000000000000004
0 0 0 50 25 125 0 0 0 75 100 150    2.0000000000000004
0 0 0 50 25 150 0 0 0 75 100 125    2.0000000000000004
0 0 0 50 75 125 0 0 0 100 25 150    2.0000000000000004
0 0 0 75 100 125 0 0 0 50 25 150    2.0000000000000004
0 0 0 75 100 150 0 0 0 50 25 125    2.0000000000000004
0 0 0 75 100 25 0 0 0 150 125 50    2.0000000000000004
0 0 0 75 125 100 0 0 0 50 25 150    2.0000000000000004
0 0 0 75 125 150 0 0 0 50 25 100    2.0000000000000004
0 0 0 75 125 25 0 0 0 150 100 50    2.0000000000000004
0 0 0 75 125 50 0 0 0 100 25 150    2.0000000000000004
0 0 0 75 150 100 0 0 0 50 25 125    2.0000000000000004
0 0 0 75 150 125 0 0 0 50 25 100    2.0000000000000004
0 0 0 75 150 25 0 0 0 125 100 50    2.0000000000000004
0 0 0 75 25 150 0 0 0 100 125 50    2.0000000000000004
0 0 0 75 50 125 0 0 0 100 150 25    2.0000000000000004
0 0 0 75 50 150 0 0 0 100 125 25    2.0000000000000004
0 0 0 50 25 100 0 0 0 75 125 150    2.1000000000000005
0 0 0 50 125 150 0 0 0 25 100 75    2.3000000000000007
0 0 0 75 50 125 0 0 0 100 25 150    2.600000000000001
0 0 0 100 125 150 0 0 0 25 50 75    3.1000000000000005
0 0 0 100 150 125 0 0 0 25 50 75    3.3000000000000007
0 0 0 75 50 125 0 0 0 25 100 150    3.5000000000000013
0 0 0 100 125 150 0 0 0 50 75 25    4.000000000000001
0 0 0 100 125 50 0 0 0 25 75 150    4.000000000000001
0 0 0 100 25 125 0 0 0 50 75 150    4.000000000000001
0 0 0 100 25 150 0 0 0 50 75 125    4.000000000000001
0 0 0 100 50 125 0 0 0 25 75 150    4.000000000000001
0 0 0 100 50 75 0 0 0 25 125 150    4.000000000000001
0 0 0 100 75 50 0 0 0 25 125 150    4.000000000000001
0 0 0 125 100 150 0 0 0 50 75 25    4.000000000000001
0 0 0 125 100 50 0 0 0 25 75 150    4.000000000000001
0 0 0 125 25 150 0 0 0 50 75 100    4.000000000000001
0 0 0 125 50 100 0 0 0 25 75 150    4.000000000000001
0 0 0 125 50 75 0 0 0 25 100 150    4.000000000000001
0 0 0 125 75 150 0 0 0 25 50 100    4.000000000000001
0 0 0 125 75 150 0 0 0 50 100 25    4.000000000000001
0 0 0 125 75 50 0 0 0 25 100 150    4.000000000000001
0 0 0 150 100 125 0 0 0 25 50 75    4.000000000000001
0 0 0 150 125 100 0 0 0 25 50 75    4.000000000000001
0 0 0 150 125 75 0 0 0 25 50 100    4.000000000000001
0 0 0 150 25 125 0 0 0 50 75 100    4.000000000000001
0 0 0 150 75 125 0 0 0 25 50 100    4.000000000000001
0 0 0 25 100 125 0 0 0 75 150 50    4.000000000000001
0 0 0 25 100 150 0 0 0 75 125 50    4.000000000000001
0 0 0 25 125 150 0 0 0 50 75 100    4.000000000000001
0 0 0 25 125 150 0 0 0 75 100 50    4.000000000000001
0 0 0 25 150 125 0 0 0 50 75 100    4.000000000000001
0 0 0 25 75 150 0 0 0 100 125 50    4.000000000000001
0 0 0 50 100 125 0 0 0 25 75 150    4.000000000000001
0 0 0 50 100 125 0 0 0 75 150 25    4.000000000000001
0 0 0 50 100 150 0 0 0 75 125 25    4.000000000000001
0 0 0 50 100 75 0 0 0 25 125 150    4.000000000000001
0 0 0 50 125 100 0 0 0 25 75 150    4.000000000000001
0 0 0 50 125 75 0 0 0 25 100 150    4.000000000000001
0 0 0 50 150 125 0 0 0 75 100 25    4.000000000000001
0 0 0 50 75 100 0 0 0 25 125 150    4.000000000000001
0 0 0 75 100 50 0 0 0 25 125 150    4.000000000000001
0 0 0 75 125 150 0 0 0 25 50 100    4.000000000000001
0 0 0 75 125 50 0 0 0 25 100 150    4.000000000000001
0 0 0 75 150 125 0 0 0 25 50 100    4.000000000000001
0 0 0 50 75 150 0 0 0 100 125 25    4.600000000000002
0 0 0 125 100 150 0 0 0 25 50 75    4.800000000000002
0 0 0 75 50 100 0 0 0 25 125 150    5.000000000000001
0 0 0 50 25 100 0 0 0 75 150 125    5.499999999999998
0 0 0 50 25 150 0 0 0 75 125 100    5.699999999999998
0 0 0 100 125 75 0 0 0 25 50 150    5.999999999999998
0 0 0 100 150 125 0 0 0 50 75 25    5.999999999999998
0 0 0 100 75 125 0 0 0 25 50 150    5.999999999999998
0 0 0 125 100 75 0 0 0 25 50 150    5.999999999999998
0 0 0 125 150 100 0 0 0 50 75 25    5.999999999999998
0 0 0 125 75 100 0 0 0 25 50 150    5.999999999999998
0 0 0 150 125 100 0 0 0 50 75 25    5.999999999999998
0 0 0 25 125 150 0 0 0 50 100 75    5.999999999999998
0 0 0 25 150 125 0 0 0 75 100 50    5.999999999999998
0 0 0 25 50 100 0 0 0 75 150 125    5.999999999999998
0 0 0 25 50 125 0 0 0 75 150 100    5.999999999999998
0 0 0 25 50 150 0 0 0 75 125 100    5.999999999999998
0 0 0 50 25 125 0 0 0 75 150 100    5.999999999999998
0 0 0 75 100 125 0 0 0 25 50 150    5.999999999999998
0 0 0 75 125 100 0 0 0 25 50 150    5.999999999999998
0 0 0 50 125 150 0 0 0 75 100 25    6.000000000000002
0 0 0 75 125 25 0 0 0 50 150 100    6.4
0 0 0 125 150 75 0 0 0 25 50 100    6.400000000000002
0 0 0 100 125 150 0 0 0 25 75 50    6.800000000000002
0 0 0 150 75 125 0 0 0 50 100 25    7.199999999999999
0 0 0 150 75 100 0 0 0 125 50 25    7.499999999999998
0 0 0 125 25 150 0 0 0 50 100 75    7.600000000000002
0 0 0 100 125 25 0 0 0 50 150 75    8.000000000000002
0 0 0 100 150 125 0 0 0 25 75 50    8.000000000000002
0 0 0 100 150 25 0 0 0 50 125 75    8.000000000000002
0 0 0 125 100 150 0 0 0 25 75 50    8.000000000000002
0 0 0 125 150 75 0 0 0 25 100 50    8.000000000000002
0 0 0 125 75 150 0 0 0 25 100 50    8.000000000000002
0 0 0 150 100 125 0 0 0 25 75 50    8.000000000000002
0 0 0 150 125 100 0 0 0 25 75 50    8.000000000000002
0 0 0 150 125 75 0 0 0 25 100 50    8.000000000000002
0 0 0 150 25 125 0 0 0 50 100 75    8.000000000000002
0 0 0 150 75 125 0 0 0 25 100 50    8.000000000000002
0 0 0 25 100 125 0 0 0 50 150 75    8.000000000000002
0 0 0 25 100 150 0 0 0 50 125 75    8.000000000000002
0 0 0 25 125 100 0 0 0 50 150 75    8.000000000000002
0 0 0 25 150 100 0 0 0 50 125 75    8.000000000000002
0 0 0 25 150 125 0 0 0 50 100 75    8.000000000000002
0 0 0 25 150 75 0 0 0 50 125 100    8.000000000000002
0 0 0 25 75 100 0 0 0 50 150 125    8.000000000000002
0 0 0 25 75 125 0 0 0 50 150 100    8.000000000000002
0 0 0 25 75 150 0 0 0 50 125 100    8.000000000000002
0 0 0 75 125 150 0 0 0 25 100 50    8.000000000000002
0 0 0 75 150 125 0 0 0 25 100 50    8.000000000000002
0 0 0 75 150 25 0 0 0 50 125 100    8.000000000000002
0 0 0 125 150 100 0 0 0 25 75 50    9.600000000000001
0 0 0 100 75 25 0 0 0 50 150 125    10.0
0 0 0 125 100 25 0 0 0 50 150 75    10.0
0 0 0 125 75 25 0 0 0 50 150 100    10.0
0 0 0 150 100 25 0 0 0 50 125 75    10.0
0 0 0 150 125 25 0 0 0 100 75 50    10.0
0 0 0 150 75 25 0 0 0 50 125 100    10.0
0 0 0 75 100 25 0 0 0 50 150 125    10.0
0 0 0 75 50 125 0 0 0 150 100 25    10.099999999999998
0 0 0 125 150 25 0 0 0 50 100 75    10.699999999999998
0 0 0 125 150 50 0 0 0 100 75 25    10.799999999999997
0 0 0 100 25 50 0 0 0 150 125 75    10.899999999999997
0 0 0 75 100 125 0 0 0 150 50 25    10.999999999999996
0 0 0 125 25 75 0 0 0 150 100 50    11.099999999999996
0 0 0 50 25 75 0 0 0 150 125 100    11.599999999999998
0 0 0 50 150 100 0 0 0 125 75 25    11.899999999999997
0 0 0 100 125 50 0 0 0 150 75 25    11.999999999999996
0 0 0 100 125 75 0 0 0 150 50 25    11.999999999999996
0 0 0 100 150 50 0 0 0 125 75 25    11.999999999999996
0 0 0 100 25 125 0 0 0 150 75 50    11.999999999999996
0 0 0 100 25 150 0 0 0 125 75 50    11.999999999999996
0 0 0 100 25 50 0 0 0 75 150 125    11.999999999999996
0 0 0 100 25 75 0 0 0 150 125 50    11.999999999999996
0 0 0 100 25 75 0 0 0 50 150 125    11.999999999999996
0 0 0 100 50 125 0 0 0 150 75 25    11.999999999999996
0 0 0 100 50 150 0 0 0 125 75 25    11.999999999999996
0 0 0 100 50 75 0 0 0 150 125 25    11.999999999999996
0 0 0 100 75 125 0 0 0 150 50 25    11.999999999999996
0 0 0 100 75 150 0 0 0 125 50 25    11.999999999999996
0 0 0 100 75 50 0 0 0 150 125 25    11.999999999999996
0 0 0 125 100 50 0 0 0 150 75 25    11.999999999999996
0 0 0 125 100 75 0 0 0 150 50 25    11.999999999999996
0 0 0 125 150 75 0 0 0 100 50 25    11.999999999999996
0 0 0 125 25 100 0 0 0 150 75 50    11.999999999999996
0 0 0 125 25 150 0 0 0 100 75 50    11.999999999999996
0 0 0 125 25 50 0 0 0 150 100 75    11.999999999999996
0 0 0 125 25 50 0 0 0 75 150 100    11.999999999999996
0 0 0 125 25 75 0 0 0 50 150 100    11.999999999999996
0 0 0 125 50 100 0 0 0 150 75 25    11.999999999999996
0 0 0 125 50 150 0 0 0 100 75 25    11.999999999999996
0 0 0 125 75 100 0 0 0 150 50 25    11.999999999999996
0 0 0 125 75 150 0 0 0 100 50 25    11.999999999999996
0 0 0 125 75 50 0 0 0 150 100 25    11.999999999999996
0 0 0 150 100 75 0 0 0 125 50 25    11.999999999999996
0 0 0 150 125 25 0 0 0 50 100 75    11.999999999999996
0 0 0 150 125 50 0 0 0 100 75 25    11.999999999999996
0 0 0 150 125 75 0 0 0 100 50 25    11.999999999999996
0 0 0 150 25 100 0 0 0 125 75 50    11.999999999999996
0 0 0 150 25 125 0 0 0 100 75 50    11.999999999999996
0 0 0 150 25 50 0 0 0 125 100 75    11.999999999999996
0 0 0 150 25 50 0 0 0 75 125 100    11.999999999999996
0 0 0 150 25 75 0 0 0 125 100 50    11.999999999999996
0 0 0 150 50 100 0 0 0 125 75 25    11.999999999999996
0 0 0 150 50 125 0 0 0 100 75 25    11.999999999999996
0 0 0 150 50 75 0 0 0 125 100 25    11.999999999999996
0 0 0 150 75 125 0 0 0 100 50 25    11.999999999999996
0 0 0 150 75 50 0 0 0 125 100 25    11.999999999999996
0 0 0 25 100 125 0 0 0 150 75 50    11.999999999999996
0 0 0 25 100 150 0 0 0 125 75 50    11.999999999999996
0 0 0 25 100 50 0 0 0 150 125 75    11.999999999999996
0 0 0 25 100 50 0 0 0 75 150 125    11.999999999999996
0 0 0 25 100 75 0 0 0 150 125 50    11.999999999999996
0 0 0 25 100 75 0 0 0 50 150 125    11.999999999999996
0 0 0 25 125 100 0 0 0 150 75 50    11.999999999999996
0 0 0 25 125 50 0 0 0 150 100 75    11.999999999999996
0 0 0 25 125 50 0 0 0 75 150 100    11.999999999999996
0 0 0 25 125 75 0 0 0 150 100 50    11.999999999999996
0 0 0 25 125 75 0 0 0 50 150 100    11.999999999999996
0 0 0 25 150 100 0 0 0 125 75 50    11.999999999999996
0 0 0 25 150 50 0 0 0 125 100 75    11.999999999999996
0 0 0 25 150 75 0 0 0 125 100 50    11.999999999999996
0 0 0 25 50 100 0 0 0 150 125 75    11.999999999999996
0 0 0 25 50 125 0 0 0 150 100 75    11.999999999999996
0 0 0 25 50 150 0 0 0 125 100 75    11.999999999999996
0 0 0 25 50 75 0 0 0 100 150 125    11.999999999999996
0 0 0 25 50 75 0 0 0 150 125 100    11.999999999999996
0 0 0 25 75 100 0 0 0 150 125 50    11.999999999999996
0 0 0 25 75 125 0 0 0 150 100 50    11.999999999999996
0 0 0 25 75 150 0 0 0 125 100 50    11.999999999999996
0 0 0 25 75 50 0 0 0 150 125 100    11.999999999999996
0 0 0 50 100 125 0 0 0 150 75 25    11.999999999999996
0 0 0 50 100 150 0 0 0 125 75 25    11.999999999999996
0 0 0 50 100 25 0 0 0 125 75 150    11.999999999999996
0 0 0 50 100 75 0 0 0 150 125 25    11.999999999999996
0 0 0 50 125 100 0 0 0 150 75 25    11.999999999999996
0 0 0 50 125 25 0 0 0 100 75 150    11.999999999999996
0 0 0 50 125 75 0 0 0 150 100 25    11.999999999999996
0 0 0 50 150 25 0 0 0 100 75 125    11.999999999999996
0 0 0 50 150 75 0 0 0 125 100 25    11.999999999999996
0 0 0 50 25 100 0 0 0 150 125 75    11.999999999999996
0 0 0 50 25 125 0 0 0 150 100 75    11.999999999999996
0 0 0 50 25 150 0 0 0 125 100 75    11.999999999999996
0 0 0 50 25 75 0 0 0 100 150 125    11.999999999999996
0 0 0 50 75 100 0 0 0 150 125 25    11.999999999999996
0 0 0 50 75 125 0 0 0 150 100 25    11.999999999999996
0 0 0 50 75 150 0 0 0 125 100 25    11.999999999999996
0 0 0 50 75 25 0 0 0 125 100 150    11.999999999999996
0 0 0 75 100 150 0 0 0 125 50 25    11.999999999999996
0 0 0 75 100 50 0 0 0 150 125 25    11.999999999999996
0 0 0 75 125 100 0 0 0 150 50 25    11.999999999999996
0 0 0 75 125 50 0 0 0 150 100 25    11.999999999999996
0 0 0 75 150 50 0 0 0 125 100 25    11.999999999999996
0 0 0 75 25 100 0 0 0 150 125 50    11.999999999999996
0 0 0 75 25 125 0 0 0 150 100 50    11.999999999999996
0 0 0 75 25 150 0 0 0 125 100 50    11.999999999999996
0 0 0 75 25 50 0 0 0 150 125 100    11.999999999999996
0 0 0 75 50 100 0 0 0 150 125 25    11.999999999999996
0 0 0 75 50 150 0 0 0 125 100 25    11.999999999999996
0 0 0 150 100 50 0 0 0 125 75 25    12.099999999999996
0 0 0 125 50 75 0 0 0 150 100 25    12.499999999999996
0 0 0 75 25 125 0 0 0 50 150 100    12.599999999999996
0 0 0 150 25 75 0 0 0 50 125 100    13.599999999999994
0 0 0 75 25 100 0 0 0 50 150 125    13.699999999999996
0 0 0 75 25 150 0 0 0 50 125 100    13.899999999999995
0 0 0 100 25 125 0 0 0 50 150 75    13.999999999999995
0 0 0 100 25 150 0 0 0 50 125 75    13.999999999999995
0 0 0 125 25 100 0 0 0 50 150 75    13.999999999999995
0 0 0 150 25 100 0 0 0 50 125 75    13.999999999999995

