25 50 75 0 0 0 100 125 1500 0 0 	2.5
25 50 75 0 0 0 100 150 1250 0 0 	2.5
25 50 75 0 0 0 125 100 1500 0 0 	2.5
25 50 75 0 0 0 125 150 1000 0 0 	2.5
25 50 75 0 0 0 150 100 1250 0 0 	2.5
25 50 75 0 0 0 150 125 1000 0 0 	2.5
25 50 100 0 0 0 75 125 1500 0 0 	2.5
25 50 100 0 0 0 75 150 1250 0 0 	2.5
25 50 100 0 0 0 125 75 1500 0 0 	2.5
25 50 100 0 0 0 125 150 750 0 0 	2.5
25 50 100 0 0 0 150 75 1250 0 0 	2.5
25 50 100 0 0 0 150 125 750 0 0 	2.5
25 50 125 0 0 0 75 100 1500 0 0 	2.5
25 50 125 0 0 0 75 150 1000 0 0 	2.5
25 50 125 0 0 0 100 75 1500 0 0 	2.5
25 50 125 0 0 0 100 150 750 0 0 	2.5
25 50 125 0 0 0 150 75 1000 0 0 	2.5
25 50 125 0 0 0 150 100 750 0 0 	2.5
25 50 150 0 0 0 75 100 1250 0 0 	2.5
25 50 150 0 0 0 75 125 1000 0 0 	2.5
25 50 150 0 0 0 100 75 1250 0 0 	2.5
25 50 150 0 0 0 100 125 750 0 0 	2.5
25 50 150 0 0 0 125 75 1000 0 0 	2.5
25 50 150 0 0 0 125 100 750 0 0 	2.5
25 75 50 0 0 0 100 125 1500 0 0 	2.5
25 75 50 0 0 0 100 150 1250 0 0 	2.5
25 75 50 0 0 0 125 100 1500 0 0 	2.5
25 75 50 0 0 0 125 150 1000 0 0 	2.5
25 75 50 0 0 0 150 100 1250 0 0 	2.5
25 75 50 0 0 0 150 125 1000 0 0 	2.5
25 75 100 0 0 0 50 125 1500 0 0 	2.5
25 75 100 0 0 0 50 150 1250 0 0 	2.5
25 75 100 0 0 0 125 50 1500 0 0 	2.5
25 75 100 0 0 0 125 150 500 0 0 	2.5
25 75 100 0 0 0 150 50 1250 0 0 	2.5
25 75 100 0 0 0 150 125 500 0 0 	2.5
25 75 125 0 0 0 50 100 1500 0 0 	2.5
25 75 125 0 0 0 50 150 1000 0 0 	2.5
25 75 125 0 0 0 100 50 1500 0 0 	2.5
25 75 125 0 0 0 100 150 500 0 0 	2.5
25 75 125 0 0 0 150 50 1000 0 0 	2.5
25 75 125 0 0 0 150 100 500 0 0 	2.5
25 75 150 0 0 0 50 100 1250 0 0 	2.5
25 75 150 0 0 0 50 125 1000 0 0 	2.5
25 75 150 0 0 0 100 50 1250 0 0 	2.5
25 75 150 0 0 0 100 125 500 0 0 	2.5
25 75 150 0 0 0 125 50 1000 0 0 	2.5
25 75 150 0 0 0 125 100 500 0 0 	2.5
25 100 50 0 0 0 75 125 1500 0 0 	2.5
25 100 50 0 0 0 75 150 1250 0 0 	2.5
25 100 50 0 0 0 125 75 1500 0 0 	2.5
25 100 50 0 0 0 125 150 750 0 0 	2.5
25 100 50 0 0 0 150 75 1250 0 0 	2.5
25 100 50 0 0 0 150 125 750 0 0 	2.5
25 100 75 0 0 0 50 125 1500 0 0 	2.5
25 100 75 0 0 0 50 150 1250 0 0 	2.5
25 100 75 0 0 0 125 50 1500 0 0 	2.5
25 100 75 0 0 0 125 150 500 0 0 	2.5
25 100 75 0 0 0 150 50 1250 0 0 	2.5
25 100 75 0 0 0 150 125 500 0 0 	2.5
25 100 125 0 0 0 50 75 1500 0 0 	2.5
25 100 125 0 0 0 50 150 750 0 0 	2.5
25 100 125 0 0 0 75 50 1500 0 0 	2.5
25 100 125 0 0 0 75 150 500 0 0 	2.5
25 100 125 0 0 0 150 50 750 0 0 	2.5
25 100 125 0 0 0 150 75 500 0 0 	2.5
25 100 150 0 0 0 50 75 1250 0 0 	2.5
25 100 150 0 0 0 50 125 750 0 0 	2.5
25 100 150 0 0 0 75 50 1250 0 0 	2.5
25 100 150 0 0 0 75 125 500 0 0 	2.5
25 100 150 0 0 0 125 50 750 0 0 	2.5
25 100 150 0 0 0 125 75 500 0 0 	2.5
25 125 50 0 0 0 75 100 1500 0 0 	2.5
25 125 50 0 0 0 75 150 1000 0 0 	2.5
25 125 50 0 0 0 100 75 1500 0 0 	2.5
25 125 50 0 0 0 100 150 750 0 0 	2.5
25 125 50 0 0 0 150 75 1000 0 0 	2.5
25 125 50 0 0 0 150 100 750 0 0 	2.5
25 125 75 0 0 0 50 100 1500 0 0 	2.5
25 125 75 0 0 0 50 150 1000 0 0 	2.5
25 125 75 0 0 0 100 50 1500 0 0 	2.5
25 125 75 0 0 0 100 150 500 0 0 	2.5
25 125 75 0 0 0 150 50 1000 0 0 	2.5
25 125 75 0 0 0 150 100 500 0 0 	2.5
25 125 100 0 0 0 50 75 1500 0 0 	2.5
25 125 100 0 0 0 50 150 750 0 0 	2.5
25 125 100 0 0 0 75 50 1500 0 0 	2.5
25 125 100 0 0 0 75 150 500 0 0 	2.5
25 125 100 0 0 0 150 50 750 0 0 	2.5
25 125 100 0 0 0 150 75 500 0 0 	2.5
25 125 150 0 0 0 50 75 1000 0 0 	2.5
25 125 150 0 0 0 50 100 750 0 0 	2.5
25 125 150 0 0 0 75 50 1000 0 0 	2.5
25 125 150 0 0 0 75 100 500 0 0 	2.5
25 125 150 0 0 0 100 50 750 0 0 	2.5
25 125 150 0 0 0 100 75 500 0 0 	2.5
25 150 50 0 0 0 75 100 1250 0 0 	2.5
25 150 50 0 0 0 75 125 1000 0 0 	2.5
25 150 50 0 0 0 100 75 1250 0 0 	2.5
25 150 50 0 0 0 100 125 750 0 0 	2.5
25 150 50 0 0 0 125 75 1000 0 0 	2.5
25 150 50 0 0 0 125 100 750 0 0 	2.5
25 150 75 0 0 0 50 100 1250 0 0 	2.5
25 150 75 0 0 0 50 125 1000 0 0 	2.5
25 150 75 0 0 0 100 50 1250 0 0 	2.5
25 150 75 0 0 0 100 125 500 0 0 	2.5
25 150 75 0 0 0 125 50 1000 0 0 	2.5
25 150 75 0 0 0 125 100 500 0 0 	2.5
25 150 100 0 0 0 50 75 1250 0 0 	2.5
25 150 100 0 0 0 50 125 750 0 0 	2.5
25 150 100 0 0 0 75 50 1250 0 0 	2.5
25 150 100 0 0 0 75 125 500 0 0 	2.5
25 150 100 0 0 0 125 50 750 0 0 	2.5
25 150 100 0 0 0 125 75 500 0 0 	2.5
25 150 125 0 0 0 50 75 1000 0 0 	2.5
25 150 125 0 0 0 50 100 750 0 0 	2.5
25 150 125 0 0 0 75 50 1000 0 0 	2.5
25 150 125 0 0 0 75 100 500 0 0 	2.5
25 150 125 0 0 0 100 50 750 0 0 	2.5
25 150 125 0 0 0 100 75 500 0 0 	2.5
50 25 75 0 0 0 100 125 1500 0 0 	5.0
50 25 75 0 0 0 100 150 1250 0 0 	5.0
50 25 75 0 0 0 125 100 1500 0 0 	5.0
50 25 75 0 0 0 125 150 1000 0 0 	5.0
50 25 75 0 0 0 150 100 1250 0 0 	5.0
50 25 75 0 0 0 150 125 1000 0 0 	5.0
50 25 100 0 0 0 75 125 1500 0 0 	5.0
50 25 100 0 0 0 75 150 1250 0 0 	5.0
50 25 100 0 0 0 125 75 1500 0 0 	5.0
50 25 100 0 0 0 125 150 750 0 0 	5.0
50 25 100 0 0 0 150 75 1250 0 0 	5.0
50 25 100 0 0 0 150 125 750 0 0 	5.0
50 25 125 0 0 0 75 100 1500 0 0 	5.0
50 25 125 0 0 0 75 150 1000 0 0 	5.0
50 25 125 0 0 0 100 75 1500 0 0 	5.0
50 25 125 0 0 0 100 150 750 0 0 	5.0
50 25 125 0 0 0 150 75 1000 0 0 	5.0
50 25 125 0 0 0 150 100 750 0 0 	5.0
50 25 150 0 0 0 75 100 1250 0 0 	5.0
50 25 150 0 0 0 75 125 1000 0 0 	5.0
50 25 150 0 0 0 100 75 1250 0 0 	5.0
50 25 150 0 0 0 100 125 750 0 0 	5.0
50 25 150 0 0 0 125 75 1000 0 0 	5.0
50 25 150 0 0 0 125 100 750 0 0 	5.0
50 75 25 0 0 0 100 125 1500 0 0 	5.0
50 75 25 0 0 0 100 150 1250 0 0 	5.0
50 75 25 0 0 0 125 100 1500 0 0 	5.0
50 75 25 0 0 0 125 150 1000 0 0 	5.0
50 75 25 0 0 0 150 100 1250 0 0 	5.0
50 75 25 0 0 0 150 125 1000 0 0 	5.0
50 75 100 0 0 0 25 125 1500 0 0 	5.0
50 75 100 0 0 0 25 150 1250 0 0 	5.0
50 75 100 0 0 0 125 25 1500 0 0 	5.0
50 75 100 0 0 0 125 150 250 0 0 	5.0
50 75 100 0 0 0 150 25 1250 0 0 	5.0
50 75 100 0 0 0 150 125 250 0 0 	5.0
50 75 125 0 0 0 25 100 1500 0 0 	5.0
50 75 125 0 0 0 25 150 1000 0 0 	5.0
50 75 125 0 0 0 100 25 1500 0 0 	5.0
50 75 125 0 0 0 100 150 250 0 0 	5.0
50 75 125 0 0 0 150 25 1000 0 0 	5.0
50 75 125 0 0 0 150 100 250 0 0 	5.0
50 75 150 0 0 0 25 100 1250 0 0 	5.0
50 75 150 0 0 0 25 125 1000 0 0 	5.0
50 75 150 0 0 0 100 25 1250 0 0 	5.0
50 75 150 0 0 0 100 125 250 0 0 	5.0
50 75 150 0 0 0 125 25 1000 0 0 	5.0
50 75 150 0 0 0 125 100 250 0 0 	5.0
50 100 25 0 0 0 75 125 1500 0 0 	5.0
50 100 25 0 0 0 75 150 1250 0 0 	5.0
50 100 25 0 0 0 125 75 1500 0 0 	5.0
50 100 25 0 0 0 125 150 750 0 0 	5.0
50 100 25 0 0 0 150 75 1250 0 0 	5.0
50 100 25 0 0 0 150 125 750 0 0 	5.0
50 100 75 0 0 0 25 125 1500 0 0 	5.0
50 100 75 0 0 0 25 150 1250 0 0 	5.0
50 100 75 0 0 0 125 25 1500 0 0 	5.0
50 100 75 0 0 0 125 150 250 0 0 	5.0
50 100 75 0 0 0 150 25 1250 0 0 	5.0
50 100 75 0 0 0 150 125 250 0 0 	5.0
50 100 125 0 0 0 25 75 1500 0 0 	5.0
50 100 125 0 0 0 25 150 750 0 0 	5.0
50 100 125 0 0 0 75 25 1500 0 0 	5.0
50 100 125 0 0 0 75 150 250 0 0 	5.0
50 100 125 0 0 0 150 25 750 0 0 	5.0
50 100 125 0 0 0 150 75 250 0 0 	5.0
50 100 150 0 0 0 25 75 1250 0 0 	5.0
50 100 150 0 0 0 25 125 750 0 0 	5.0
50 100 150 0 0 0 75 25 1250 0 0 	5.0
50 100 150 0 0 0 75 125 250 0 0 	5.0
50 100 150 0 0 0 125 25 750 0 0 	5.0
50 100 150 0 0 0 125 75 250 0 0 	5.0
50 125 25 0 0 0 75 100 1500 0 0 	5.0
50 125 25 0 0 0 75 150 1000 0 0 	5.0
50 125 25 0 0 0 100 75 1500 0 0 	5.0
50 125 25 0 0 0 100 150 750 0 0 	5.0
50 125 25 0 0 0 150 75 1000 0 0 	5.0
50 125 25 0 0 0 150 100 750 0 0 	5.0
50 125 75 0 0 0 25 100 1500 0 0 	5.0
50 125 75 0 0 0 25 150 1000 0 0 	5.0
50 125 75 0 0 0 100 25 1500 0 0 	5.0
50 125 75 0 0 0 100 150 250 0 0 	5.0
50 125 75 0 0 0 150 25 1000 0 0 	5.0
50 125 75 0 0 0 150 100 250 0 0 	5.0
50 125 100 0 0 0 25 75 1500 0 0 	5.0
50 125 100 0 0 0 25 150 750 0 0 	5.0
50 125 100 0 0 0 75 25 1500 0 0 	5.0
50 125 100 0 0 0 75 150 250 0 0 	5.0
50 125 100 0 0 0 150 25 750 0 0 	5.0
50 125 100 0 0 0 150 75 250 0 0 	5.0
50 125 150 0 0 0 25 75 1000 0 0 	5.0
50 125 150 0 0 0 25 100 750 0 0 	5.0
50 125 150 0 0 0 75 25 1000 0 0 	5.0
50 125 150 0 0 0 75 100 250 0 0 	5.0
50 125 150 0 0 0 100 25 750 0 0 	5.0
50 125 150 0 0 0 100 75 250 0 0 	5.0
50 150 25 0 0 0 75 100 1250 0 0 	5.0
50 150 25 0 0 0 75 125 1000 0 0 	5.0
50 150 25 0 0 0 100 75 1250 0 0 	5.0
50 150 25 0 0 0 100 125 750 0 0 	5.0
50 150 25 0 0 0 125 75 1000 0 0 	5.0
50 150 25 0 0 0 125 100 750 0 0 	5.0
50 150 75 0 0 0 25 100 1250 0 0 	5.0
50 150 75 0 0 0 25 125 1000 0 0 	5.0
50 150 75 0 0 0 100 25 1250 0 0 	5.0
50 150 75 0 0 0 100 125 250 0 0 	5.0
50 150 75 0 0 0 125 25 1000 0 0 	5.0
50 150 75 0 0 0 125 100 250 0 0 	5.0
50 150 100 0 0 0 25 75 1250 0 0 	5.0
50 150 100 0 0 0 25 125 750 0 0 	5.0
50 150 100 0 0 0 75 25 1250 0 0 	5.0
50 150 100 0 0 0 75 125 250 0 0 	5.0
50 150 100 0 0 0 125 25 750 0 0 	5.0
50 150 100 0 0 0 125 75 250 0 0 	5.0
50 150 125 0 0 0 25 75 1000 0 0 	5.0
50 150 125 0 0 0 25 100 750 0 0 	5.0
50 150 125 0 0 0 75 25 1000 0 0 	5.0
50 150 125 0 0 0 75 100 250 0 0 	5.0
50 150 125 0 0 0 100 25 750 0 0 	5.0
50 150 125 0 0 0 100 75 250 0 0 	5.0
75 25 50 0 0 0 100 125 1500 0 0 	7.5
75 25 50 0 0 0 100 150 1250 0 0 	7.5
75 25 50 0 0 0 125 100 1500 0 0 	7.5
75 25 50 0 0 0 125 150 1000 0 0 	7.5
75 25 50 0 0 0 150 100 1250 0 0 	7.5
75 25 50 0 0 0 150 125 1000 0 0 	7.5
75 25 100 0 0 0 50 125 1500 0 0 	7.5
75 25 100 0 0 0 50 150 1250 0 0 	7.5
75 25 100 0 0 0 125 50 1500 0 0 	7.5
75 25 100 0 0 0 125 150 500 0 0 	7.5
75 25 100 0 0 0 150 50 1250 0 0 	7.5
75 25 100 0 0 0 150 125 500 0 0 	7.5
75 25 125 0 0 0 50 100 1500 0 0 	7.5
75 25 125 0 0 0 50 150 1000 0 0 	7.5
75 25 125 0 0 0 100 50 1500 0 0 	7.5
75 25 125 0 0 0 100 150 500 0 0 	7.5
75 25 125 0 0 0 150 50 1000 0 0 	7.5
75 25 125 0 0 0 150 100 500 0 0 	7.5
75 25 150 0 0 0 50 100 1250 0 0 	7.5
75 25 150 0 0 0 50 125 1000 0 0 	7.5
75 25 150 0 0 0 100 50 1250 0 0 	7.5
75 25 150 0 0 0 100 125 500 0 0 	7.5
75 25 150 0 0 0 125 50 1000 0 0 	7.5
75 25 150 0 0 0 125 100 500 0 0 	7.5
75 50 25 0 0 0 100 125 1500 0 0 	7.5
75 50 25 0 0 0 100 150 1250 0 0 	7.5
75 50 25 0 0 0 125 100 1500 0 0 	7.5
75 50 25 0 0 0 125 150 1000 0 0 	7.5
75 50 25 0 0 0 150 100 1250 0 0 	7.5
75 50 25 0 0 0 150 125 1000 0 0 	7.5
75 50 100 0 0 0 25 125 1500 0 0 	7.5
75 50 100 0 0 0 25 150 1250 0 0 	7.5
75 50 100 0 0 0 125 25 1500 0 0 	7.5
75 50 100 0 0 0 125 150 250 0 0 	7.5
75 50 100 0 0 0 150 25 1250 0 0 	7.5
75 50 100 0 0 0 150 125 250 0 0 	7.5
75 50 125 0 0 0 25 100 1500 0 0 	7.5
75 50 125 0 0 0 25 150 1000 0 0 	7.5
75 50 125 0 0 0 100 25 1500 0 0 	7.5
75 50 125 0 0 0 100 150 250 0 0 	7.5
75 50 125 0 0 0 150 25 1000 0 0 	7.5
75 50 125 0 0 0 150 100 250 0 0 	7.5
75 50 150 0 0 0 25 100 1250 0 0 	7.5
75 50 150 0 0 0 25 125 1000 0 0 	7.5
75 50 150 0 0 0 100 25 1250 0 0 	7.5
75 50 150 0 0 0 100 125 250 0 0 	7.5
75 50 150 0 0 0 125 25 1000 0 0 	7.5
75 50 150 0 0 0 125 100 250 0 0 	7.5
75 100 25 0 0 0 50 125 1500 0 0 	7.5
75 100 25 0 0 0 50 150 1250 0 0 	7.5
75 100 25 0 0 0 125 50 1500 0 0 	7.5
75 100 25 0 0 0 125 150 500 0 0 	7.5
75 100 25 0 0 0 150 50 1250 0 0 	7.5
75 100 25 0 0 0 150 125 500 0 0 	7.5
75 100 50 0 0 0 25 125 1500 0 0 	7.5
75 100 50 0 0 0 25 150 1250 0 0 	7.5
75 100 50 0 0 0 125 25 1500 0 0 	7.5
75 100 50 0 0 0 125 150 250 0 0 	7.5
75 100 50 0 0 0 150 25 1250 0 0 	7.5
75 100 50 0 0 0 150 125 250 0 0 	7.5
75 100 125 0 0 0 25 50 1500 0 0 	7.5
75 100 125 0 0 0 25 150 500 0 0 	7.5
75 100 125 0 0 0 50 25 1500 0 0 	7.5
75 100 125 0 0 0 50 150 250 0 0 	7.5
75 100 125 0 0 0 150 25 500 0 0 	7.5
75 100 125 0 0 0 150 50 250 0 0 	7.5
75 100 150 0 0 0 25 50 1250 0 0 	7.5
75 100 150 0 0 0 25 125 500 0 0 	7.5
75 100 150 0 0 0 50 25 1250 0 0 	7.5
75 100 150 0 0 0 50 125 250 0 0 	7.5
75 100 150 0 0 0 125 25 500 0 0 	7.5
75 100 150 0 0 0 125 50 250 0 0 	7.5
75 125 25 0 0 0 50 100 1500 0 0 	7.5
75 125 25 0 0 0 50 150 1000 0 0 	7.5
75 125 25 0 0 0 100 50 1500 0 0 	7.5
75 125 25 0 0 0 100 150 500 0 0 	7.5
75 125 25 0 0 0 150 50 1000 0 0 	7.5
75 125 25 0 0 0 150 100 500 0 0 	7.5
75 125 50 0 0 0 25 100 1500 0 0 	7.5
75 125 50 0 0 0 25 150 1000 0 0 	7.5
75 125 50 0 0 0 100 25 1500 0 0 	7.5
75 125 50 0 0 0 100 150 250 0 0 	7.5
75 125 50 0 0 0 150 25 1000 0 0 	7.5
75 125 50 0 0 0 150 100 250 0 0 	7.5
75 125 100 0 0 0 25 50 1500 0 0 	7.5
75 125 100 0 0 0 25 150 500 0 0 	7.5
75 125 100 0 0 0 50 25 1500 0 0 	7.5
75 125 100 0 0 0 50 150 250 0 0 	7.5
75 125 100 0 0 0 150 25 500 0 0 	7.5
75 125 100 0 0 0 150 50 250 0 0 	7.5
75 125 150 0 0 0 25 50 1000 0 0 	7.5
75 125 150 0 0 0 25 100 500 0 0 	7.5
75 125 150 0 0 0 50 25 1000 0 0 	7.5
75 125 150 0 0 0 50 100 250 0 0 	7.5
75 125 150 0 0 0 100 25 500 0 0 	7.5
75 125 150 0 0 0 100 50 250 0 0 	7.5
75 150 25 0 0 0 50 100 1250 0 0 	7.5
75 150 25 0 0 0 50 125 1000 0 0 	7.5
75 150 25 0 0 0 100 50 1250 0 0 	7.5
75 150 25 0 0 0 100 125 500 0 0 	7.5
75 150 25 0 0 0 125 50 1000 0 0 	7.5
75 150 25 0 0 0 125 100 500 0 0 	7.5
75 150 50 0 0 0 25 100 1250 0 0 	7.5
75 150 50 0 0 0 25 125 1000 0 0 	7.5
75 150 50 0 0 0 100 25 1250 0 0 	7.5
75 150 50 0 0 0 100 125 250 0 0 	7.5
75 150 50 0 0 0 125 25 1000 0 0 	7.5
75 150 50 0 0 0 125 100 250 0 0 	7.5
75 150 100 0 0 0 25 50 1250 0 0 	7.5
75 150 100 0 0 0 25 125 500 0 0 	7.5
75 150 100 0 0 0 50 25 1250 0 0 	7.5
75 150 100 0 0 0 50 125 250 0 0 	7.5
75 150 100 0 0 0 125 25 500 0 0 	7.5
75 150 100 0 0 0 125 50 250 0 0 	7.5
75 150 125 0 0 0 25 50 1000 0 0 	7.5
75 150 125 0 0 0 25 100 500 0 0 	7.5
75 150 125 0 0 0 50 25 1000 0 0 	7.5
75 150 125 0 0 0 50 100 250 0 0 	7.5
75 150 125 0 0 0 100 25 500 0 0 	7.5
75 150 125 0 0 0 100 50 250 0 0 	7.5
100 25 50 0 0 0 75 125 1500 0 0 	10.0
100 25 50 0 0 0 75 150 1250 0 0 	10.0
100 25 50 0 0 0 125 75 1500 0 0 	10.0
100 25 50 0 0 0 125 150 750 0 0 	10.0
100 25 50 0 0 0 150 75 1250 0 0 	10.0
100 25 50 0 0 0 150 125 750 0 0 	10.0
100 25 75 0 0 0 50 125 1500 0 0 	10.0
100 25 75 0 0 0 50 150 1250 0 0 	10.0
100 25 75 0 0 0 125 50 1500 0 0 	10.0
100 25 75 0 0 0 125 150 500 0 0 	10.0
100 25 75 0 0 0 150 50 1250 0 0 	10.0
100 25 75 0 0 0 150 125 500 0 0 	10.0
100 25 125 0 0 0 50 75 1500 0 0 	10.0
100 25 125 0 0 0 50 150 750 0 0 	10.0
100 25 125 0 0 0 75 50 1500 0 0 	10.0
100 25 125 0 0 0 75 150 500 0 0 	10.0
100 25 125 0 0 0 150 50 750 0 0 	10.0
100 25 125 0 0 0 150 75 500 0 0 	10.0
100 25 150 0 0 0 50 75 1250 0 0 	10.0
100 25 150 0 0 0 50 125 750 0 0 	10.0
100 25 150 0 0 0 75 50 1250 0 0 	10.0
100 25 150 0 0 0 75 125 500 0 0 	10.0
100 25 150 0 0 0 125 50 750 0 0 	10.0
100 25 150 0 0 0 125 75 500 0 0 	10.0
100 50 25 0 0 0 75 125 1500 0 0 	10.0
100 50 25 0 0 0 75 150 1250 0 0 	10.0
100 50 25 0 0 0 125 75 1500 0 0 	10.0
100 50 25 0 0 0 125 150 750 0 0 	10.0
100 50 25 0 0 0 150 75 1250 0 0 	10.0
100 50 25 0 0 0 150 125 750 0 0 	10.0
100 50 75 0 0 0 25 125 1500 0 0 	10.0
100 50 75 0 0 0 25 150 1250 0 0 	10.0
100 50 75 0 0 0 125 25 1500 0 0 	10.0
100 50 75 0 0 0 125 150 250 0 0 	10.0
100 50 75 0 0 0 150 25 1250 0 0 	10.0
100 50 75 0 0 0 150 125 250 0 0 	10.0
100 50 125 0 0 0 25 75 1500 0 0 	10.0
100 50 125 0 0 0 25 150 750 0 0 	10.0
100 50 125 0 0 0 75 25 1500 0 0 	10.0
100 50 125 0 0 0 75 150 250 0 0 	10.0
100 50 125 0 0 0 150 25 750 0 0 	10.0
100 50 125 0 0 0 150 75 250 0 0 	10.0
100 50 150 0 0 0 25 75 1250 0 0 	10.0
100 50 150 0 0 0 25 125 750 0 0 	10.0
100 50 150 0 0 0 75 25 1250 0 0 	10.0
100 50 150 0 0 0 75 125 250 0 0 	10.0
100 50 150 0 0 0 125 25 750 0 0 	10.0
100 50 150 0 0 0 125 75 250 0 0 	10.0
100 75 25 0 0 0 50 125 1500 0 0 	10.0
100 75 25 0 0 0 50 150 1250 0 0 	10.0
100 75 25 0 0 0 125 50 1500 0 0 	10.0
100 75 25 0 0 0 125 150 500 0 0 	10.0
100 75 25 0 0 0 150 50 1250 0 0 	10.0
100 75 25 0 0 0 150 125 500 0 0 	10.0
100 75 50 0 0 0 25 125 1500 0 0 	10.0
100 75 50 0 0 0 25 150 1250 0 0 	10.0
100 75 50 0 0 0 125 25 1500 0 0 	10.0
100 75 50 0 0 0 125 150 250 0 0 	10.0
100 75 50 0 0 0 150 25 1250 0 0 	10.0
100 75 50 0 0 0 150 125 250 0 0 	10.0
100 75 125 0 0 0 25 50 1500 0 0 	10.0
100 75 125 0 0 0 25 150 500 0 0 	10.0
100 75 125 0 0 0 50 25 1500 0 0 	10.0
100 75 125 0 0 0 50 150 250 0 0 	10.0
100 75 125 0 0 0 150 25 500 0 0 	10.0
100 75 125 0 0 0 150 50 250 0 0 	10.0
100 75 150 0 0 0 25 50 1250 0 0 	10.0
100 75 150 0 0 0 25 125 500 0 0 	10.0
100 75 150 0 0 0 50 25 1250 0 0 	10.0
100 75 150 0 0 0 50 125 250 0 0 	10.0
100 75 150 0 0 0 125 25 500 0 0 	10.0
100 75 150 0 0 0 125 50 250 0 0 	10.0
100 125 25 0 0 0 50 75 1500 0 0 	10.0
100 125 25 0 0 0 50 150 750 0 0 	10.0
100 125 25 0 0 0 75 50 1500 0 0 	10.0
100 125 25 0 0 0 75 150 500 0 0 	10.0
100 125 25 0 0 0 150 50 750 0 0 	10.0
100 125 25 0 0 0 150 75 500 0 0 	10.0
100 125 50 0 0 0 25 75 1500 0 0 	10.0
100 125 50 0 0 0 25 150 750 0 0 	10.0
100 125 50 0 0 0 75 25 1500 0 0 	10.0
100 125 50 0 0 0 75 150 250 0 0 	10.0
100 125 50 0 0 0 150 25 750 0 0 	10.0
100 125 50 0 0 0 150 75 250 0 0 	10.0
100 125 75 0 0 0 25 50 1500 0 0 	10.0
100 125 75 0 0 0 25 150 500 0 0 	10.0
100 125 75 0 0 0 50 25 1500 0 0 	10.0
100 125 75 0 0 0 50 150 250 0 0 	10.0
100 125 75 0 0 0 150 25 500 0 0 	10.0
100 125 75 0 0 0 150 50 250 0 0 	10.0
100 125 150 0 0 0 25 50 750 0 0 	10.0
100 125 150 0 0 0 25 75 500 0 0 	10.0
100 125 150 0 0 0 50 25 750 0 0 	10.0
100 125 150 0 0 0 50 75 250 0 0 	10.0
100 125 150 0 0 0 75 25 500 0 0 	10.0
100 125 150 0 0 0 75 50 250 0 0 	10.0
100 150 25 0 0 0 50 75 1250 0 0 	10.0
100 150 25 0 0 0 50 125 750 0 0 	10.0
100 150 25 0 0 0 75 50 1250 0 0 	10.0
100 150 25 0 0 0 75 125 500 0 0 	10.0
100 150 25 0 0 0 125 50 750 0 0 	10.0
100 150 25 0 0 0 125 75 500 0 0 	10.0
100 150 50 0 0 0 25 75 1250 0 0 	10.0
100 150 50 0 0 0 25 125 750 0 0 	10.0
100 150 50 0 0 0 75 25 1250 0 0 	10.0
100 150 50 0 0 0 75 125 250 0 0 	10.0
100 150 50 0 0 0 125 25 750 0 0 	10.0
100 150 50 0 0 0 125 75 250 0 0 	10.0
100 150 75 0 0 0 25 50 1250 0 0 	10.0
100 150 75 0 0 0 25 125 500 0 0 	10.0
100 150 75 0 0 0 50 25 1250 0 0 	10.0
100 150 75 0 0 0 50 125 250 0 0 	10.0
100 150 75 0 0 0 125 25 500 0 0 	10.0
100 150 75 0 0 0 125 50 250 0 0 	10.0
100 150 125 0 0 0 25 50 750 0 0 	10.0
100 150 125 0 0 0 25 75 500 0 0 	10.0
100 150 125 0 0 0 50 25 750 0 0 	10.0
100 150 125 0 0 0 50 75 250 0 0 	10.0
100 150 125 0 0 0 75 25 500 0 0 	10.0
100 150 125 0 0 0 75 50 250 0 0 	10.0
125 25 50 0 0 0 75 100 1500 0 0 	12.5
125 25 50 0 0 0 75 150 1000 0 0 	12.5
125 25 50 0 0 0 100 75 1500 0 0 	12.5
125 25 50 0 0 0 100 150 750 0 0 	12.5
125 25 50 0 0 0 150 75 1000 0 0 	12.5
125 25 50 0 0 0 150 100 750 0 0 	12.5
125 25 75 0 0 0 50 100 1500 0 0 	12.5
125 25 75 0 0 0 50 150 1000 0 0 	12.5
125 25 75 0 0 0 100 50 1500 0 0 	12.5
125 25 75 0 0 0 100 150 500 0 0 	12.5
125 25 75 0 0 0 150 50 1000 0 0 	12.5
125 25 75 0 0 0 150 100 500 0 0 	12.5
125 25 100 0 0 0 50 75 1500 0 0 	12.5
125 25 100 0 0 0 50 150 750 0 0 	12.5
125 25 100 0 0 0 75 50 1500 0 0 	12.5
125 25 100 0 0 0 75 150 500 0 0 	12.5
125 25 100 0 0 0 150 50 750 0 0 	12.5
125 25 100 0 0 0 150 75 500 0 0 	12.5
125 25 150 0 0 0 50 75 1000 0 0 	12.5
125 25 150 0 0 0 50 100 750 0 0 	12.5
125 25 150 0 0 0 75 50 1000 0 0 	12.5
125 25 150 0 0 0 75 100 500 0 0 	12.5
125 25 150 0 0 0 100 50 750 0 0 	12.5
125 25 150 0 0 0 100 75 500 0 0 	12.5
125 50 25 0 0 0 75 100 1500 0 0 	12.5
125 50 25 0 0 0 75 150 1000 0 0 	12.5
125 50 25 0 0 0 100 75 1500 0 0 	12.5
125 50 25 0 0 0 100 150 750 0 0 	12.5
125 50 25 0 0 0 150 75 1000 0 0 	12.5
125 50 25 0 0 0 150 100 750 0 0 	12.5
125 50 75 0 0 0 25 100 1500 0 0 	12.5
125 50 75 0 0 0 25 150 1000 0 0 	12.5
125 50 75 0 0 0 100 25 1500 0 0 	12.5
125 50 75 0 0 0 100 150 250 0 0 	12.5
125 50 75 0 0 0 150 25 1000 0 0 	12.5
125 50 75 0 0 0 150 100 250 0 0 	12.5
125 50 100 0 0 0 25 75 1500 0 0 	12.5
125 50 100 0 0 0 25 150 750 0 0 	12.5
125 50 100 0 0 0 75 25 1500 0 0 	12.5
125 50 100 0 0 0 75 150 250 0 0 	12.5
125 50 100 0 0 0 150 25 750 0 0 	12.5
125 50 100 0 0 0 150 75 250 0 0 	12.5
125 50 150 0 0 0 25 75 1000 0 0 	12.5
125 50 150 0 0 0 25 100 750 0 0 	12.5
125 50 150 0 0 0 75 25 1000 0 0 	12.5
125 50 150 0 0 0 75 100 250 0 0 	12.5
125 50 150 0 0 0 100 25 750 0 0 	12.5
125 50 150 0 0 0 100 75 250 0 0 	12.5
125 75 25 0 0 0 50 100 1500 0 0 	12.5
125 75 25 0 0 0 50 150 1000 0 0 	12.5
125 75 25 0 0 0 100 50 1500 0 0 	12.5
125 75 25 0 0 0 100 150 500 0 0 	12.5
125 75 25 0 0 0 150 50 1000 0 0 	12.5
125 75 25 0 0 0 150 100 500 0 0 	12.5
125 75 50 0 0 0 25 100 1500 0 0 	12.5
125 75 50 0 0 0 25 150 1000 0 0 	12.5
125 75 50 0 0 0 100 25 1500 0 0 	12.5
125 75 50 0 0 0 100 150 250 0 0 	12.5
125 75 50 0 0 0 150 25 1000 0 0 	12.5
125 75 50 0 0 0 150 100 250 0 0 	12.5
125 75 100 0 0 0 25 50 1500 0 0 	12.5
125 75 100 0 0 0 25 150 500 0 0 	12.5
125 75 100 0 0 0 50 25 1500 0 0 	12.5
125 75 100 0 0 0 50 150 250 0 0 	12.5
125 75 100 0 0 0 150 25 500 0 0 	12.5
125 75 100 0 0 0 150 50 250 0 0 	12.5
125 75 150 0 0 0 25 50 1000 0 0 	12.5
125 75 150 0 0 0 25 100 500 0 0 	12.5
125 75 150 0 0 0 50 25 1000 0 0 	12.5
125 75 150 0 0 0 50 100 250 0 0 	12.5
125 75 150 0 0 0 100 25 500 0 0 	12.5
125 75 150 0 0 0 100 50 250 0 0 	12.5
125 100 25 0 0 0 50 75 1500 0 0 	12.5
125 100 25 0 0 0 50 150 750 0 0 	12.5
125 100 25 0 0 0 75 50 1500 0 0 	12.5
125 100 25 0 0 0 75 150 500 0 0 	12.5
125 100 25 0 0 0 150 50 750 0 0 	12.5
125 100 25 0 0 0 150 75 500 0 0 	12.5
125 100 50 0 0 0 25 75 1500 0 0 	12.5
125 100 50 0 0 0 25 150 750 0 0 	12.5
125 100 50 0 0 0 75 25 1500 0 0 	12.5
125 100 50 0 0 0 75 150 250 0 0 	12.5
125 100 50 0 0 0 150 25 750 0 0 	12.5
125 100 50 0 0 0 150 75 250 0 0 	12.5
125 100 75 0 0 0 25 50 1500 0 0 	12.5
125 100 75 0 0 0 25 150 500 0 0 	12.5
125 100 75 0 0 0 50 25 1500 0 0 	12.5
125 100 75 0 0 0 50 150 250 0 0 	12.5
125 100 75 0 0 0 150 25 500 0 0 	12.5
125 100 75 0 0 0 150 50 250 0 0 	12.5
125 100 150 0 0 0 25 50 750 0 0 	12.5
125 100 150 0 0 0 25 75 500 0 0 	12.5
125 100 150 0 0 0 50 25 750 0 0 	12.5
125 100 150 0 0 0 50 75 250 0 0 	12.5
125 100 150 0 0 0 75 25 500 0 0 	12.5
125 100 150 0 0 0 75 50 250 0 0 	12.5
125 150 25 0 0 0 50 75 1000 0 0 	12.5
125 150 25 0 0 0 50 100 750 0 0 	12.5
125 150 25 0 0 0 75 50 1000 0 0 	12.5
125 150 25 0 0 0 75 100 500 0 0 	12.5
125 150 25 0 0 0 100 50 750 0 0 	12.5
125 150 25 0 0 0 100 75 500 0 0 	12.5
125 150 50 0 0 0 25 75 1000 0 0 	12.5
125 150 50 0 0 0 25 100 750 0 0 	12.5
125 150 50 0 0 0 75 25 1000 0 0 	12.5
125 150 50 0 0 0 75 100 250 0 0 	12.5
125 150 50 0 0 0 100 25 750 0 0 	12.5
125 150 50 0 0 0 100 75 250 0 0 	12.5
125 150 75 0 0 0 25 50 1000 0 0 	12.5
125 150 75 0 0 0 25 100 500 0 0 	12.5
125 150 75 0 0 0 50 25 1000 0 0 	12.5
125 150 75 0 0 0 50 100 250 0 0 	12.5
125 150 75 0 0 0 100 25 500 0 0 	12.5
125 150 75 0 0 0 100 50 250 0 0 	12.5
125 150 100 0 0 0 25 50 750 0 0 	12.5
125 150 100 0 0 0 25 75 500 0 0 	12.5
125 150 100 0 0 0 50 25 750 0 0 	12.5
125 150 100 0 0 0 50 75 250 0 0 	12.5
125 150 100 0 0 0 75 25 500 0 0 	12.5
125 150 100 0 0 0 75 50 250 0 0 	12.5
150 25 50 0 0 0 75 100 1250 0 0 	15.0
150 25 50 0 0 0 75 125 1000 0 0 	15.0
150 25 50 0 0 0 100 75 1250 0 0 	15.0
150 25 50 0 0 0 100 125 750 0 0 	15.0
150 25 50 0 0 0 125 75 1000 0 0 	15.0
150 25 50 0 0 0 125 100 750 0 0 	15.0
150 25 75 0 0 0 50 100 1250 0 0 	15.0
150 25 75 0 0 0 50 125 1000 0 0 	15.0
150 25 75 0 0 0 100 50 1250 0 0 	15.0
150 25 75 0 0 0 100 125 500 0 0 	15.0
150 25 75 0 0 0 125 50 1000 0 0 	15.0
150 25 75 0 0 0 125 100 500 0 0 	15.0
150 25 100 0 0 0 50 75 1250 0 0 	15.0
150 25 100 0 0 0 50 125 750 0 0 	15.0
150 25 100 0 0 0 75 50 1250 0 0 	15.0
150 25 100 0 0 0 75 125 500 0 0 	15.0
150 25 100 0 0 0 125 50 750 0 0 	15.0
150 25 100 0 0 0 125 75 500 0 0 	15.0
150 25 125 0 0 0 50 75 1000 0 0 	15.0
150 25 125 0 0 0 50 100 750 0 0 	15.0
150 25 125 0 0 0 75 50 1000 0 0 	15.0
150 25 125 0 0 0 75 100 500 0 0 	15.0
150 25 125 0 0 0 100 50 750 0 0 	15.0
150 25 125 0 0 0 100 75 500 0 0 	15.0
150 50 25 0 0 0 75 100 1250 0 0 	15.0
150 50 25 0 0 0 75 125 1000 0 0 	15.0
150 50 25 0 0 0 100 75 1250 0 0 	15.0
150 50 25 0 0 0 100 125 750 0 0 	15.0
150 50 25 0 0 0 125 75 1000 0 0 	15.0
150 50 25 0 0 0 125 100 750 0 0 	15.0
150 50 75 0 0 0 25 100 1250 0 0 	15.0
150 50 75 0 0 0 25 125 1000 0 0 	15.0
150 50 75 0 0 0 100 25 1250 0 0 	15.0
150 50 75 0 0 0 100 125 250 0 0 	15.0
150 50 75 0 0 0 125 25 1000 0 0 	15.0
150 50 75 0 0 0 125 100 250 0 0 	15.0
150 50 100 0 0 0 25 75 1250 0 0 	15.0
150 50 100 0 0 0 25 125 750 0 0 	15.0
150 50 100 0 0 0 75 25 1250 0 0 	15.0
150 50 100 0 0 0 75 125 250 0 0 	15.0
150 50 100 0 0 0 125 25 750 0 0 	15.0
150 50 100 0 0 0 125 75 250 0 0 	15.0
150 50 125 0 0 0 25 75 1000 0 0 	15.0
150 50 125 0 0 0 25 100 750 0 0 	15.0
150 50 125 0 0 0 75 25 1000 0 0 	15.0
150 50 125 0 0 0 75 100 250 0 0 	15.0
150 50 125 0 0 0 100 25 750 0 0 	15.0
150 50 125 0 0 0 100 75 250 0 0 	15.0
150 75 25 0 0 0 50 100 1250 0 0 	15.0
150 75 25 0 0 0 50 125 1000 0 0 	15.0
150 75 25 0 0 0 100 50 1250 0 0 	15.0
150 75 25 0 0 0 100 125 500 0 0 	15.0
150 75 25 0 0 0 125 50 1000 0 0 	15.0
150 75 25 0 0 0 125 100 500 0 0 	15.0
150 75 50 0 0 0 25 100 1250 0 0 	15.0
150 75 50 0 0 0 25 125 1000 0 0 	15.0
150 75 50 0 0 0 100 25 1250 0 0 	15.0
150 75 50 0 0 0 100 125 250 0 0 	15.0
150 75 50 0 0 0 125 25 1000 0 0 	15.0
150 75 50 0 0 0 125 100 250 0 0 	15.0
150 75 100 0 0 0 25 50 1250 0 0 	15.0
150 75 100 0 0 0 25 125 500 0 0 	15.0
150 75 100 0 0 0 50 25 1250 0 0 	15.0
150 75 100 0 0 0 50 125 250 0 0 	15.0
150 75 100 0 0 0 125 25 500 0 0 	15.0
150 75 100 0 0 0 125 50 250 0 0 	15.0
150 75 125 0 0 0 25 50 1000 0 0 	15.0
150 75 125 0 0 0 25 100 500 0 0 	15.0
150 75 125 0 0 0 50 25 1000 0 0 	15.0
150 75 125 0 0 0 50 100 250 0 0 	15.0
150 75 125 0 0 0 100 25 500 0 0 	15.0
150 75 125 0 0 0 100 50 250 0 0 	15.0
150 100 25 0 0 0 50 75 1250 0 0 	15.0
150 100 25 0 0 0 50 125 750 0 0 	15.0
150 100 25 0 0 0 75 50 1250 0 0 	15.0
150 100 25 0 0 0 75 125 500 0 0 	15.0
150 100 25 0 0 0 125 50 750 0 0 	15.0
150 100 25 0 0 0 125 75 500 0 0 	15.0
150 100 50 0 0 0 25 75 1250 0 0 	15.0
150 100 50 0 0 0 25 125 750 0 0 	15.0
150 100 50 0 0 0 75 25 1250 0 0 	15.0
150 100 50 0 0 0 75 125 250 0 0 	15.0
150 100 50 0 0 0 125 25 750 0 0 	15.0
150 100 50 0 0 0 125 75 250 0 0 	15.0
150 100 75 0 0 0 25 50 1250 0 0 	15.0
150 100 75 0 0 0 25 125 500 0 0 	15.0
150 100 75 0 0 0 50 25 1250 0 0 	15.0
150 100 75 0 0 0 50 125 250 0 0 	15.0
150 100 75 0 0 0 125 25 500 0 0 	15.0
150 100 75 0 0 0 125 50 250 0 0 	15.0
150 100 125 0 0 0 25 50 750 0 0 	15.0
150 100 125 0 0 0 25 75 500 0 0 	15.0
150 100 125 0 0 0 50 25 750 0 0 	15.0
150 100 125 0 0 0 50 75 250 0 0 	15.0
150 100 125 0 0 0 75 25 500 0 0 	15.0
150 100 125 0 0 0 75 50 250 0 0 	15.0
150 125 25 0 0 0 50 75 1000 0 0 	15.0
150 125 25 0 0 0 50 100 750 0 0 	15.0
150 125 25 0 0 0 75 50 1000 0 0 	15.0
150 125 25 0 0 0 75 100 500 0 0 	15.0
150 125 25 0 0 0 100 50 750 0 0 	15.0
150 125 25 0 0 0 100 75 500 0 0 	15.0
150 125 50 0 0 0 25 75 1000 0 0 	15.0
150 125 50 0 0 0 25 100 750 0 0 	15.0
150 125 50 0 0 0 75 25 1000 0 0 	15.0
150 125 50 0 0 0 75 100 250 0 0 	15.0
150 125 50 0 0 0 100 25 750 0 0 	15.0
150 125 50 0 0 0 100 75 250 0 0 	15.0
150 125 75 0 0 0 25 50 1000 0 0 	15.0
150 125 75 0 0 0 25 100 500 0 0 	15.0
150 125 75 0 0 0 50 25 1000 0 0 	15.0
150 125 75 0 0 0 50 100 250 0 0 	15.0
150 125 75 0 0 0 100 25 500 0 0 	15.0
150 125 75 0 0 0 100 50 250 0 0 	15.0
150 125 100 0 0 0 25 50 750 0 0 	15.0
150 125 100 0 0 0 25 75 500 0 0 	15.0
150 125 100 0 0 0 50 25 750 0 0 	15.0
150 125 100 0 0 0 50 75 250 0 0 	15.0
150 125 100 0 0 0 75 25 500 0 0 	15.0
150 125 100 0 0 0 75 50 250 0 0 	15.0
