-180 200 116 -184 128 40 80 104 52 -156 188 -92 -188 16 88 136 -32 20 120 68 88
168 -128 16 72 0 64 12 184 -24 100 96 152 -148 32 120 56 -152 56 152 -80 424
-8 -112 76 196 0 76 -84 124 -68 -80 156 192 44 -168 148 140 -40 60 -128 -132 205
108 -112 80 92 -124 196 -188 -28 108 -132 -120 160 144 -68 0 88 144 88 160 104 76
16 -64 112 -128 -168 -164 -128 -16 200 24 -132 -144 32 -48 -40 -68 164 -148 100 112 278
112 -56 -132 -192 -116 -172 196 -92 -28 104 -120 -40 -4 116 16 176 52 -36 -168 -92 162
188 168 -4 132 -176 88 136 -4 -132 -68 -44 -60 -120 -116 128 96 12 148 -128 -8 474
188 168 -4 132 -176 88 136 -4 -132 -68 -44 -60 -120 -116 128 96 12 148 -128 -8 474
-168 -160 -72 68 -4 80 -48 160 -8 -96 -124 72 -160 128 -92 44 64 -144 -156 160 138
-168 -160 -72 68 -4 80 -48 160 -8 -96 -124 72 -160 128 -92 44 64 -144 -156 160 138
200 -152 116 -100 -28 -192 -72 16 132 48 136 -128 -8 -156 80 128 48 -160 -152 -16 220
40 40 -44 144 128 -24 -180 -32 -128 -112 -180 200 -24 192 80 -52 -92 192 -144 136 264
-12 -140 -80 88 84 -100 132 168 -92 -88 4 4 -100 -132 -64 108 -76 140 -168 -132 26
-12 -140 -80 88 84 -100 132 168 -92 -88 4 4 -100 -132 -64 108 -76 140 -168 -132 26
-64 -140 -140 -40 56 136 -164 -4 -12 196 -96 196 -144 172 -152 136 32 20 -72 -20 288
-48 -100 100 24 -92 24 -20 24 -196 -40 -164 -52 -92 -36 -136 -8 180 192 180 -144 314
-160 188 200 36 -48 -148 100 164 -64 -132 96 -176 4 -36 28 -32 56 -28 -164 -112 275
160 8 156 132 4 -188 -80 88 -24 112 -16 -112 -32 176 152 4 -48 116 -72 -104 294
-164 0 132 164 -20 -188 164 168 -12 -28 -160 -188 44 -184 56 96 136 36 68 28 58
-112 52 -52 -164 -16 8 28 8 192 100 -184 -156 -152 4 0 28 -88 -20 84 -24 272
16 -44 -192 -116 12 -136 -16 -108 120 -84 28 160 108 44 -120 144 12 80 40 -56 15
-136 4 108 16 144 -100 96 148 168 100 24 160 -68 -88 -72 92 168 -36 -80 12 347
124 144 -28 96 -32 184 116 -32 -52 -136 -128 160 192 152 -40 -84 24 76 -68 -132 499
-124 -80 116 60 152 -32 192 88 168 -92 76 12 -128 -36 -112 124 160 24 96 32 453
72 -92 -52 -20 96 56 -104 -136 -4 -28 -84 -188 -176 76 -104 152 -100 176 -192 -128 67
-72 -132 40 -160 -140 -160 56 -156 -84 48 -160 -88 -36 -140 -44 128 -16 -68 -144 92 90
-8 120 16 20 -24 52 112 156 32 -88 -60 -124 -112 112 188 148 92 -156 52 76 254
-48 -180 80 -152 -200 -116 116 -104 12 112 -76 -104 -84 108 -164 164 -156 -88 36 180 120
-60 -180 -16 -68 160 -152 -164 56 -76 -76 -32 100 -28 12 60 172 64 100 -196 -60 491
72 -108 124 -176 124 -164 156 -164 -100 132 -172 120 120 -12 132 -4 -36 -172 200 -76 143
32 4 32 -120 0 -88 -112 184 16 20 -112 188 -60 112 -196 -76 -120 -148 -80 172 429
4 -192 -44 156 -164 -160 -144 -120 -112 -148 100 -120 -36 120 132 -12 -64 184 -116 44 105
-156 -152 24 -88 8 156 84 -200 184 -76 -188 -144 52 88 172 188 -76 -168 -144 44 146
-156 -152 24 -88 8 156 84 -200 184 -76 -188 -144 52 88 172 188 -76 -168 -144 44 146
140 -56 -44 80 172 -108 196 -96 -28 -40 -4 0 -200 16 -60 108 -48 -56 200 60 462
-104 148 112 -104 100 48 196 16 -144 -60 -56 -176 184 20 -64 48 20 -164 -120 -168 62
-104 148 112 -104 100 48 196 16 -144 -60 -56 -176 184 20 -64 48 20 -164 -120 -168 62
88 -56 -88 -88 -64 -72 -112 20 84 60 36 -44 -184 -176 -128 44 -32 -160 -136 -80 230
-56 -64 144 132 -48 -164 -44 -56 160 20 96 -68 -56 -168 -64 132 -48 -164 -168 -28 54
56 100 192 -160 -56 -120 -156 148 -144 4 -112 96 -160 -84 96 0 -100 -112 -68 -60 229
148 -4 172 -156 28 -140 160 100 100 120 -100 0 -128 -120 136 136 -60 -24 -16 128 264
128 -12 120 -152 16 16 184 -84 136 -72 -44 -196 -176 -20 108 68 48 28 20 104 13
64 -92 -72 4 36 4 164 92 -120 -124 40 -124 -192 -100 -28 88 180 -176 -16 -112 52
-156 140 -180 32 -88 -64 100 164 156 -160 -112 -132 -108 -28 172 16 64 104 -116 36 471
144 32 184 44 -128 -100 8 116 180 24 -128 168 52 -60 -32 -12 -64 -44 -104 12 325
-64 192 164 88 32 168 108 -68 36 32 52 -136 -28 176 128 -80 -80 -12 56 -172 446
72 -188 -44 20 48 168 136 -24 -124 -88 104 -112 -160 -32 160 56 -168 -64 40 -104 349
188 52 -4 -80 -80 -184 -188 -20 100 36 -192 176 -152 -164 0 36 -4 192 -120 92 219
52 -24 160 144 180 188 4 -184 52 -104 -52 -68 -68 -176 156 -60 168 -196 132 -76 253
-44 -192 152 132 32 4 160 -196 -164 56 96 76 -88 -48 -148 196 104 28 92 -28 282
-144 -196 4 84 -32 92 32 68 172 156 132 -176 -152 180 -112 -4 -52 68 76 -80 96
60 84 160 -136 152 4 -36 92 -180 44 -88 -132 132 -140 -80 148 -92 -40 -140 -44 214
-40 160 152 200 -172 -200 -40 176 28 92 180 -124 -136 192 140 124 68 156 -180 100 61
-184 -116 8 -68 112 -120 184 112 48 -112 -40 -92 -132 104 -8 16 -64 164 180 84 16
116 -180 120 -108 24 -128 92 -8 72 16 -60 116 -28 -36 128 84 -72 124 -28 -112 279
-96 136 184 188 -68 176 108 -52 -44 176 -192 152 148 -136 136 104 36 -124 -112 -44 480
-140 -196 -176 28 184 -72 72 -148 -80 -20 -196 116 20 180 36 156 196 40 164 -80 474
68 180 200 200 164 -132 -172 80 0 -24 -188 112 24 156 -28 164 -108 -156 68 168 332
140 60 100 -108 -156 -108 128 20 56 100 -156 52 -100 -124 -164 -36 200 -84 144 152 353
136 200 -32 -152 -88 -92 88 32 -132 184 -116 -92 -176 100 40 120 -20 184 -192 -52 279
136 200 -32 -152 -88 -92 88 32 -132 184 -116 -92 -176 100 40 120 -20 184 -192 -52 279
96 128 196 132 128 192 164 172 100 96 124 -108 -16 144 40 32 -36 -104 184 -44 162
24 -112 124 -52 112 -12 100 -140 -100 120 -72 36 -28 200 -176 176 120 -176 100 180 175
124 188 -56 -200 -56 132 156 12 -164 -148 48 -192 36 80 -56 56 104 60 -84 -128 256
-88 -132 -84 156 -32 -40 52 188 124 -156 -184 88 164 -124 76 60 -140 -108 -168 96 401
72 60 -160 -140 4 40 -12 40 -88 28 -196 144 -196 -8 8 4 48 16 136 24 179
-124 -88 -28 20 40 180 172 -80 -176 -40 168 -184 -20 132 -92 92 -88 0 192 160 198
-64 196 132 100 132 96 4 196 -44 -192 -52 40 64 -36 176 28 136 20 -172 136 123
160 36 -88 -88 152 156 -120 -124 -172 40 -188 152 -128 72 -124 172 164 -56 148 40 404
-12 136 184 112 -180 16 -192 -116 -24 -116 -160 -12 -24 -88 -112 -76 -8 32 -140 44 442
-72 -20 92 36 -148 36 76 56 56 -156 0 -168 56 4 -24 40 -96 180 140 80 119
-24 -36 160 16 180 -72 -116 112 -8 -184 84 180 184 124 -28 -48 -168 36 144 144 107
-56 -136 64 120 108 -88 -108 168 144 200 104 -164 40 120 -92 -48 92 156 -196 -100 93
-36 156 44 200 -44 -148 20 132 176 80 100 144 196 44 200 176 -20 -32 -180 -76 464
0 140 -84 148 -20 104 -116 -84 68 -128 -120 116 -24 120 4 112 72 52 -132 -44 189
124 8 -64 -112 -8 -164 -20 -4 88 -96 -16 -148 -28 164 -48 60 -100 8 -100 124 135
-64 136 196 72 156 96 108 -112 188 -116 40 -72 -56 24 -44 92 120 92 -152 -160 483
-160 36 152 52 132 -108 -104 108 64 60 -76 0 24 -128 -164 80 -112 -156 -44 64 488
-152 -52 120 156 -180 68 -160 -68 -148 -164 -196 8 44 180 136 64 84 -24 12 -52 43
-152 -52 120 156 -180 68 -160 -68 -148 -164 -196 8 44 180 136 64 84 -24 12 -52 43
-152 -52 120 156 -180 68 -160 -68 -148 -164 -196 8 44 180 136 64 84 -24 12 -52 43
168 128 92 -144 -184 76 120 100 152 -100 -180 124 36 124 -108 -96 36 -200 -56 172 252
-72 80 112 40 76 -124 12 92 -136 -80 -152 40 24 184 -20 116 -172 164 116 -184 325
128 -84 24 -40 112 -68 -68 40 196 -52 -24 -40 104 -56 8 152 120 68 -164 80 302
-28 128 -140 164 -32 -40 -52 24 -40 68 -124 -104 -176 -16 180 -32 -192 -4 -172 80 72
192 164 120 128 -196 -136 88 36 -20 -132 -164 -164 -8 68 -132 112 -4 -180 16 140 408
-116 -16 -12 64 -88 40 -192 -40 136 -128 -176 140 -180 -84 -172 20 -196 -140 -12 56 115
-164 64 -172 128 -76 -112 -52 -12 -56 -88 -144 196 -132 -192 144 -64 120 184 116 -92 471
184 -168 200 184 -56 68 136 120 -116 -96 -4 -188 -192 124 16 192 12 -32 -28 36 205
172 0 88 196 -48 -28 160 108 56 -144 -120 192 4 112 56 -164 136 -20 68 140 359
-40 148 96 -108 -136 144 148 116 -56 -200 108 164 -180 -68 -180 100 -48 -188 12 -176 408
-96 148 -64 -196 -160 148 -152 100 148 -96 -136 -80 -92 -144 60 -40 52 -160 -124 20 14
16 180 192 -84 32 100 16 -16 -156 -160 -56 -60 -148 -136 44 -24 -100 -176 32 36 166
88 16 -40 120 112 184 116 88 -80 -176 -196 56 -128 24 -84 172 -76 -104 -168 -188 216
88 16 -40 120 112 184 116 88 -80 -176 -196 56 -128 24 -84 172 -76 -104 -168 -188 216
-68 104 -200 -116 108 52 52 -104 56 -76 -48 -56 -96 -200 72 56 -132 40 -76 72 383
-68 104 -200 -116 108 52 52 -104 56 -76 -48 -56 -96 -200 72 56 -132 40 -76 72 383
-148 60 168 -96 176 192 -160 -84 -120 180 80 -136 -120 -104 176 12 -160 104 44 -144 147
-84 164 36 -172 -124 -20 188 104 52 -16 -184 48 20 168 164 144 72 92 116 -48 436
188 -140 56 -12 92 -112 88 -80 196 104 -48 -84 -176 120 -64 4 128 56 176 32 431
-100 -28 112 -96 188 -92 84 -188 -140 -136 -176 -72 -196 -92 108 -84 -16 132 -180 -164 491
-172 196 200 100 12 -144 148 8 8 92 164 24 -40 -60 -116 36 -20 88 -168 48 203
-104 128 -180 -96 -156 -64 -44 104 172 148 100 -24 -28 -192 24 144 124 40 -192 36 105
-112 28 160 108 104 100 68 132 -72 124 -196 84 -64 108 180 52 -164 -152 -76 -116 46
-168 84 -96 36 -72 -4 76 104 -72 20 -140 -160 8 68 24 144 -84 52 132 136 209
-44 -64 -180 -164 148 36 4 -24 24 -148 196 -100 -168 -36 144 20 0 88 -40 72 294
-100 52 -184 -192 12 -84 152 20 84 -60 132 -36 -168 -112 -188 112 -32 100 84 -8 185
172 36 -52 -128 172 -192 196 64 112 -176 200 0 52 -68 -40 -172 148 136 84 -136 301
196 20 -16 -136 28 -92 -68 -20 4 -196 8 -92 48 104 -128 152 64 -8 -200 40 231
-140 160 28 -24 8 140 88 36 116 68 24 -188 -116 -128 96 -20 -128 136 44 60 37
-140 160 28 -24 8 140 88 36 116 68 24 -188 -116 -128 96 -20 -128 136 44 60 37
-112 -32 -148 -140 40 124 140 -148 84 128 8 -156 -128 -160 -140 148 196 48 84 -56 335
20 164 140 -76 108 16 84 52 -4 92 156 44 196 -100 140 104 140 -80 52 32 305
-104 -108 32 180 -68 -180 80 4 8 -188 -84 136 96 144 -164 152 -32 -192 136 140 35
160 52 160 128 48 -172 -4 -4 48 -156 -84 184 8 100 -84 44 -144 112 -104 -32 54
-68 -104 112 176 -176 140 -144 144 -188 4 -172 20 -152 64 -48 76 -8 72 -32 100 124
-172 100 -12 120 -120 -76 -164 200 76 -52 -140 -188 -60 -100 160 108 96 152 -40 -120 475
60 -56 136 -164 196 -144 72 188 -184 -88 12 -124 -192 172 -64 20 -188 188 -184 -160 130
32 128 36 128 -20 176 112 68 -160 -80 -168 -44 -88 -16 8 48 -68 20 96 88 379
32 128 36 128 -20 176 112 68 -160 -80 -168 -44 -88 -16 8 48 -68 20 96 88 379
12 100 -148 180 28 116 144 148 48 52 64 -28 -56 44 -76 40 24 96 -36 68 419
124 -84 -24 -148 -124 60 -84 196 -152 164 40 60 -160 -144 140 124 -200 -40 -132 -36 223
120 -28 196 -104 -56 -88 104 -128 52 -76 -36 -96 128 164 -72 24 -160 140 -192 -108 282
124 72 -152 168 100 112 28 104 32 -100 -188 96 -104 -88 -100 -64 -132 -100 -16 48 176
188 40 -108 -72 -64 -56 -4 -32 -188 -28 -176 24 16 -200 172 24 -152 84 -56 -168 493
-44 172 52 -152 -196 -140 176 156 -92 -64 196 -68 92 92 -68 56 180 -4 180 -192 167
8 124 36 116 196 176 156 60 -176 68 -116 32 36 -140 156 140 -8 -64 40 76 305
-140 28 -116 -120 -132 112 32 -104 0 68 12 -128 -112 152 56 172 16 136 -172 88 133
32 -136 -144 80 52 160 -196 80 -144 -52 -188 200 100 84 -84 112 -76 180 0 -152 11
144 108 -160 24 -132 28 76 136 -172 -60 -108 -124 -72 180 -120 36 -44 124 4 -80 33
24 -156 120 -12 192 -12 16 144 192 -148 -40 -4 -156 -152 -88 8 52 4 -32 16 410
20 -168 100 24 -104 -124 -104 -20 148 -104 -132 116 96 60 -144 184 -200 32 52 192 38
-24 172 -196 104 -180 20 56 -68 -8 32 -160 4 -120 -40 120 -112 -120 -164 -32 172 391
96 12 116 36 100 160 -44 0 76 16 200 -24 32 -32 120 124 88 152 -96 96 51
152 -156 -24 152 -12 -24 -12 -104 -56 -80 116 12 -16 -188 -16 124 48 104 184 -140 320
-36 -84 116 52 144 120 16 -132 136 -64 -132 0 160 136 -92 128 168 -140 -64 -156 209
-28 124 -160 -32 132 -108 168 -52 48 -12 -188 164 -84 168 144 88 -156 20 20 20 237
200 -176 128 184 -64 -172 -124 -36 -136 -160 -136 32 160 0 136 -28 192 120 24 -124 329
-120 -200 0 -56 -76 132 28 120 -4 140 -20 -104 -160 108 28 180 -44 -164 -136 -24 422
-120 -200 0 -56 -76 132 28 120 -4 140 -20 -104 -160 108 28 180 -44 -164 -136 -24 422
-108 -28 -176 148 108 -76 196 68 8 -172 -164 -160 -140 -92 188 60 -24 152 -16 108 478
-108 -28 -176 148 108 -76 196 68 8 -172 -164 -160 -140 -92 188 60 -24 152 -16 108 478
-56 -116 32 -116 -156 132 -168 24 48 -172 -112 -144 120 156 76 76 8 -12 -36 -136 258
-40 100 -24 200 52 64 -140 -200 -136 -20 -56 -200 76 -24 -64 184 -136 168 -108 -72 57
-32 88 160 116 176 88 -20 -128 180 92 4 -84 148 108 44 160 196 108 -180 84 322
180 -88 164 -76 -80 196 -164 40 132 4 -128 104 188 72 132 196 200 92 -84 52 371
-104 -76 56 -76 -200 4 -104 64 12 -160 164 -172 -72 132 -48 20 12 180 -60 -24 335
-84 -128 84 -132 -60 124 -196 -68 -180 20 -4 72 -132 60 -36 124 40 -148 28 4 167
-144 -80 68 72 -80 -84 40 -68 -136 40 -56 -76 164 -56 -152 148 -188 -148 -16 -168 27
-12 156 -184 -64 184 180 -68 96 -40 36 4 -164 -168 128 -80 68 44 -60 -120 136 112
-148 168 -108 -52 -172 136 -40 196 -16 -104 -92 -64 -84 -52 64 120 16 -24 -12 -188 304
128 -48 76 -124 -44 -136 -124 -156 -160 -52 12 -4 -132 -96 76 180 124 -196 -176 0 255
-124 -152 44 116 20 44 56 116 -124 140 -44 188 128 -16 60 200 12 8 96 -40 113
180 196 -176 160 148 -148 -60 -4 -188 -168 -196 128 132 112 -36 184 168 20 -180 -168 257
36 -16 -80 12 8 -32 64 152 172 -112 -168 -36 -192 128 32 160 -120 108 -108 -48 216
-88 -196 -32 -40 -100 -84 156 120 -196 100 -108 32 -88 -4 -168 96 -188 -16 76 124 231
196 -52 40 -96 84 -188 -152 124 -184 -64 96 -184 -172 -20 8 -12 -180 -88 72 -68 361
4 -84 -160 -76 40 -180 -164 172 148 116 8 4 -76 -4 -104 -44 -192 140 -140 -80 237
-36 -96 156 -60 -184 8 -32 160 -200 64 -52 0 -48 -112 -40 148 0 156 -156 -148 496
52 -192 -144 92 -76 -20 20 -148 -24 -176 -104 164 -44 164 80 180 96 -180 -132 -44 271
-76 88 60 -192 128 60 0 184 -116 -124 12 -200 -136 -28 4 124 32 92 -180 196 483
-76 88 60 -192 128 60 0 184 -116 -124 12 -200 -136 -28 4 124 32 92 -180 196 483
-76 88 60 -192 128 60 0 184 -116 -124 12 -200 -136 -28 4 124 32 92 -180 196 483
-160 0 -28 0 100 68 -24 -48 96 116 -132 192 -28 80 -4 -32 -52 132 144 44 354
148 148 68 -60 -200 16 -20 -36 -144 -92 -200 108 -88 -68 -8 100 -36 180 112 76 267
176 -140 -108 196 92 -88 92 176 64 -84 -56 -184 -4 -132 -116 -12 -112 -176 -132 112 350
-4 -196 120 -92 188 172 92 -36 32 -136 -120 -56 108 -8 88 24 188 180 164 -88 478
-140 -152 28 -84 4 -156 72 -4 64 -160 -164 -80 -92 -12 40 200 -108 -100 -176 -64 236
56 -124 -100 0 160 40 -112 -184 32 -4 68 -120 -108 188 -124 52 124 192 44 200 257
-20 -88 -188 -100 -76 88 108 184 28 96 28 -152 -188 -156 -172 -88 172 156 152 72 228
64 -20 -156 28 -72 144 -80 108 156 104 84 -132 24 -68 -124 144 112 44 -124 56 418
-76 -136 52 -148 92 36 -24 -124 -192 168 -156 -32 160 64 -188 188 -88 -8 48 -164 21
-64 -132 44 124 112 136 200 76 4 28 -200 -184 40 -176 192 16 68 -96 4 44 421
-64 -132 44 124 112 136 200 76 4 28 -200 -184 40 -176 192 16 68 -96 4 44 421
128 68 -112 172 28 84 -36 188 24 0 -32 -112 -124 4 -100 64 32 196 60 -136 392
112 -196 32 -200 -44 124 96 -68 -100 -120 -156 188 -152 164 172 152 176 8 124 152 390
156 152 -92 8 180 184 108 36 32 -144 -76 12 32 -56 24 44 -156 12 -120 -52 308
148 68 -176 -44 28 -72 28 64 -76 56 32 -84 -60 -124 92 60 64 36 -32 -176 291
88 64 8 156 -144 24 168 124 -148 -72 -144 -56 -132 -132 180 44 164 -8 4 -40 416
88 64 8 156 -144 24 168 124 -148 -72 -144 -56 -132 -132 180 44 164 -8 4 -40 416
-24 0 -180 116 -116 148 -172 44 16 -120 -180 -28 0 168 -20 84 60 -176 8 32 339
60 116 44 200 -136 88 -132 16 -64 -84 -196 132 -192 -80 -136 -120 16 -168 32 188 340
-156 64 148 -192 -60 76 -44 196 -184 -140 -112 88 -52 32 -196 56 -104 100 36 -12 152
-96 132 52 152 -188 148 56 96 -32 -132 -200 -144 144 -184 176 24 132 -96 -76 156 32
-96 132 52 152 -188 148 56 96 -32 -132 -200 -144 144 -184 176 24 132 -96 -76 156 32
-96 132 52 152 -188 148 56 96 -32 -132 -200 -144 144 -184 176 24 132 -96 -76 156 32
-96 132 52 152 -188 148 56 96 -32 -132 -200 -144 144 -184 176 24 132 -96 -76 156 32
108 156 108 -164 4 -100 136 64 124 -76 8 -60 -200 -104 -32 68 132 16 200 -44 402
36 64 84 176 176 -24 168 128 -100 -152 -16 -168 -164 36 132 -52 68 -128 176 144 148
-148 132 -12 128 28 156 124 196 -64 48 -152 -4 60 180 96 88 -64 -72 -164 108 475
176 -112 -4 -80 60 44 36 136 192 80 -156 -60 -80 108 -144 200 88 -12 164 88 210
-28 -84 28 -144 152 100 -132 -12 -92 60 -60 56 -124 -52 -64 -84 32 -24 124 40 191
-28 -184 56 180 -136 -192 -160 48 88 -100 -144 92 -60 132 -32 -96 4 104 -144 184 500
-196 92 24 104 -80 -124 132 20 100 -8 24 -12 -152 180 -132 108 188 192 108 188 212
-64 160 180 -4 128 -184 196 -128 -156 -152 172 52 -64 -192 -36 -192 -136 -8 80 188 104
104 84 -136 52 -16 4 8 -8 -128 -32 -12 100 -168 176 -92 164 112 -156 -24 192 166
72 -176 -132 12 76 4 116 40 36 -16 108 -164 124 48 -88 72 64 -132 -164 136 183
-200 36 40 -68 160 -128 -36 52 -84 -4 92 -80 -156 16 -56 148 44 172 124 -112 498
24 40 -4 -12 48 108 -16 -148 108 20 -128 -200 80 -44 0 12 -76 -104 -84 68 254
-164 -48 180 -188 132 -24 -132 -24 64 -192 -164 136 -184 -4 12 148 100 -100 28 -152 135
24 -36 176 -152 -200 152 68 -104 160 -152 -104 160 -120 172 52 116 56 124 192 -8 317
24 -36 176 -152 -200 152 68 -104 160 -152 -104 160 -120 172 52 116 56 124 192 -8 317
-168 56 -96 -168 80 -100 -168 60 -184 -188 -164 -20 -80 -60 -168 20 172 -88 44 32 182
56 -52 108 -140 -156 -168 196 140 72 -132 52 176 -140 -100 -176 -168 -168 192 140 4 242
24 48 20 -104 -72 -20 12 -108 52 -120 104 40 8 168 -152 104 8 128 -192 -144 379
116 116 64 -140 108 96 76 64 -144 -100 -172 64 -36 84 -76 16 84 152 -200 -120 146
44 160 -20 124 -24 20 -64 84 144 -76 -20 -92 -140 176 -28 32 -136 -96 -16 -168 245
92 -148 -192 -88 -196 176 60 -4 -92 -88 -32 -32 100 164 164 112 -136 -52 -52 -136 258
4 144 -96 60 16 136 -96 -192 -184 184 -156 -192 84 36 112 -48 172 96 156 -188 479
52 -136 112 120 -8 128 -176 136 -192 84 -156 -8 76 -180 -120 52 20 -40 -128 24 90
88 -108 28 -64 132 -120 196 -16 140 192 -136 -8 -164 -128 -12 124 88 196 92 -108 78
152 -4 184 64 -180 132 192 148 -152 -76 -188 -8 -168 -80 32 -136 52 -28 68 -168 86
-116 144 -172 80 -84 -188 128 56 -44 64 -124 -108 8 180 -200 0 168 -92 -152 80 181
36 -100 -76 -84 -4 172 196 -68 -92 -84 -156 4 -80 200 116 68 -48 -68 -60 8 176
24 -108 168 -140 164 -76 -56 -72 148 164 0 -12 -164 -124 -8 152 64 -16 144 -156 429
128 60 -80 200 160 -188 44 172 192 -60 -32 108 180 164 -168 84 -12 -112 -184 -28 154
60 148 -64 184 -188 -168 104 -172 -108 -20 -116 -188 0 68 72 176 200 -8 -116 0 368
120 -48 8 72 -76 -164 -20 80 0 -164 -116 -188 36 -48 -88 -68 -84 128 -4 -40 244
104 88 176 -192 -176 -144 -36 -148 52 -172 -168 84 -192 -60 164 -140 32 148 -132 -96 90
80 100 100 -60 136 -60 52 -60 -52 168 -16 20 -144 84 -52 40 136 -144 -152 -120 48
-80 -84 -136 -76 -188 -156 -172 144 -88 -52 -120 40 -56 124 72 164 104 -168 -96 108 411
-180 -120 48 40 48 -136 184 -44 -96 -148 28 -12 -100 -112 72 32 -4 -76 124 -88 416
84 -52 196 -136 176 -112 -92 -40 -136 44 -128 -40 -52 140 24 84 200 124 -80 -184 376
-188 172 64 176 100 -100 164 176 120 -128 -156 -144 8 152 -44 -4 64 -16 20 108 349
-188 172 64 176 100 -100 164 176 120 -128 -156 -144 8 152 -44 -4 64 -16 20 108 349
-188 172 64 176 100 -100 164 176 120 -128 -156 -144 8 152 -44 -4 64 -16 20 108 349
-164 -132 16 196 180 8 84 48 132 196 92 -60 -188 -4 -92 180 -176 84 -168 124 446
-176 -8 -132 32 -160 136 60 64 -148 -104 -176 -192 -20 176 68 16 172 132 -16 104 436
-176 -8 -132 32 -160 136 60 64 -148 -104 -176 -192 -20 176 68 16 172 132 -16 104 436
60 -20 -12 -180 112 188 -100 124 120 -52 -68 -152 -4 180 -88 88 128 124 72 52 59
80 -164 -100 -148 -140 148 196 -116 8 -192 -196 28 -96 -84 12 100 -40 -164 200 152 417
156 132 140 164 -120 -28 -76 52 80 60 -188 -68 -56 184 -160 64 108 80 32 116 89
-20 192 -88 -120 68 192 144 188 -36 56 104 52 -168 -104 -124 88 -48 8 -48 -128 484
124 -52 0 136 -72 -88 -104 144 68 -172 -184 -176 120 -4 76 120 -64 56 -152 -184 459
-164 116 -176 76 52 -180 124 196 -200 52 -108 -124 -124 -140 52 188 -56 184 -24 -60 318
96 -156 -76 124 -116 -64 -144 -24 12 -20 52 72 -108 164 196 48 60 -180 -72 -160 462
-104 180 -68 104 -120 88 -28 76 -156 -188 -52 -4 -164 -12 40 -120 -4 -16 -56 -192 364
-172 160 -168 0 156 64 100 -120 -100 -88 -188 -48 28 -140 -164 -68 148 144 52 96 116
84 -112 104 164 -132 112 140 52 24 -64 -148 92 -124 -188 124 76 -24 -140 -36 92 323
76 -188 -108 156 104 180 72 176 164 116 -60 -176 -156 128 -92 68 -104 56 36 -24 23
-84 72 -132 188 172 -200 -200 172 -128 -156 -168 156 -36 100 -160 196 48 -92 36 -4 456
180 140 44 -100 152 160 -36 44 -96 100 -152 20 -60 -192 -124 148 140 12 -164 -8 68
200 52 152 152 36 92 12 12 -184 -20 76 -140 24 36 -136 -36 200 -88 132 72 262
108 124 -160 52 76 132 172 16 36 -172 -76 -64 -60 192 192 112 28 -96 0 -160 115
-72 -24 172 -4 -140 60 -28 84 -180 -80 76 -188 -188 152 156 8 -136 -160 20 184 55
-72 -24 172 -4 -140 60 -28 84 -180 -80 76 -188 -188 152 156 8 -136 -160 20 184 55
200 -180 -120 -20 140 140 8 52 24 24 -188 8 -92 -16 160 -40 -196 124 -76 -24 47
-12 76 148 100 -76 -96 88 140 196 -152 200 -188 -72 -136 -20 40 -120 -124 64 -32 442
-196 136 12 -100 -188 -120 80 -32 12 -120 -120 32 -180 -12 -48 -64 -112 176 -140 180 429
120 -176 -192 44 -168 8 196 96 200 120 -116 152 136 196 36 76 160 -144 132 164 66
12 -92 112 -112 172 -156 -164 0 -72 -136 -196 -96 -92 168 160 168 156 -16 -44 120 420
-20 20 32 168 -64 140 100 164 124 -28 -68 -92 48 148 20 92 -164 -128 -180 -8 17
-192 -104 -76 -116 128 148 -80 152 -100 -196 -24 -156 68 36 -124 148 76 -144 -48 -8 283
72 -124 -156 60 108 -12 -140 196 32 -196 -112 180 112 120 52 108 164 -56 120 -112 331
152 -196 76 -176 -112 -100 124 -76 -188 120 48 40 -104 96 56 52 -44 76 -56 -60 82
-64 -44 20 108 -24 -4 140 -132 172 16 40 136 12 64 -36 192 180 -20 -32 -200 408
-100 60 -40 -52 -168 -8 -20 108 -100 -28 100 -76 -188 -156 76 48 200 8 152 -200 384
-88 144 -152 156 -88 148 -172 -16 176 32 -160 -200 52 -176 160 -12 20 -120 -68 -200 302
124 -164 128 -192 -152 -4 144 116 -12 52 -88 -92 -64 -156 168 76 140 48 -184 -96 22
-64 196 -156 -124 -132 128 116 -36 56 -172 -92 -88 168 -56 188 156 136 116 140 164 356
184 -168 148 112 8 -188 120 136 52 20 -120 72 -184 92 108 100 -88 -64 -76 -116 215
184 -168 148 112 8 -188 120 136 52 20 -120 72 -184 92 108 100 -88 -64 -76 -116 215
184 -168 148 112 8 -188 120 136 52 20 -120 72 -184 92 108 100 -88 -64 -76 -116 215
-164 -196 68 124 48 132 -28 -28 -100 -180 -68 192 156 -200 128 92 156 -84 -132 88 237
-64 -116 -68 84 -104 -28 172 -4 -104 -32 -200 -48 64 148 160 172 -200 72 -164 -152 270
68 72 60 84 148 -20 -104 196 168 -164 -76 -156 -88 40 -72 4 60 8 -8 0 126
116 32 -180 12 4 -16 -96 24 132 -148 -108 -56 -92 36 -28 48 -132 -36 -76 52 292
-172 200 -48 176 -72 144 164 -96 -28 84 -8 196 -132 -48 -120 76 28 192 60 108 487
-60 196 92 188 -184 120 -188 192 168 -88 -164 164 -4 60 -156 -72 -16 -104 56 -176 325
-108 -196 -116 -128 -172 196 -52 196 196 -116 68 24 -152 4 60 132 36 -56 -168 -96 457
36 176 124 -108 180 -4 -152 -24 116 -84 -188 -196 48 -88 40 92 -80 124 -164 -160 133
-92 80 -128 -40 88 104 20 -52 -148 -16 40 -80 -28 -56 100 156 116 200 -172 -180 260
76 -196 -128 76 -120 124 -8 -56 -156 124 128 200 84 -104 -64 112 136 36 28 100 284
-140 -200 164 -156 -88 -136 132 -100 -68 164 -192 136 192 88 112 132 -112 100 32 -56 172
132 36 -20 -60 156 180 100 -96 -144 -92 180 -76 108 52 172 168 64 -176 76 108 426
168 44 40 176 108 -28 52 180 116 28 104 84 -152 8 -116 192 68 24 -156 16 453
164 -188 -40 -76 60 -132 20 180 -168 -8 -108 28 -12 -192 -32 92 -36 92 96 -92 433
16 72 144 -188 -100 188 196 -28 28 88 88 -60 -152 4 -4 108 -124 -120 88 -160 89
-96 -56 20 156 -64 56 -36 -96 -60 -52 32 36 84 148 -24 156 -68 88 4 200 218
-36 72 -56 172 -176 44 -160 100 52 -44 24 -124 88 -96 20 172 116 -68 -156 -176 269
64 -192 84 -92 -28 -108 124 -8 144 180 -196 108 180 -140 200 136 -124 -184 -200 -100 479
-196 84 180 128 -112 -200 156 160 152 -48 -52 64 -132 172 -132 -12 -116 -80 -160 -60 333
-96 -176 -196 -124 152 -152 56 -120 -112 -108 176 -124 -20 -152 112 92 -180 116 -100 160 51
36 0 92 -120 -96 -160 196 -128 28 -168 -72 -148 -12 -140 196 100 32 -104 -72 -40 493
136 120 -144 -12 176 -48 80 -44 -196 172 60 112 48 60 -12 108 -16 -32 -92 -52 223
-172 -96 184 -40 -196 160 24 -76 112 200 -60 36 -156 -188 -196 48 -104 152 44 172 378
-56 124 -192 16 128 -16 -52 84 -184 48 -184 100 144 96 132 132 72 76 -40 76 36
16 -176 -80 -100 4 -140 -84 -156 68 -20 32 20 -160 56 -104 44 108 140 -156 112 370
36 128 -8 32 -36 88 128 24 -4 -4 -136 -128 -152 52 -124 -4 100 76 156 8 251
36 128 -8 32 -36 88 128 24 -4 -4 -136 -128 -152 52 -124 -4 100 76 156 8 251
36 128 -8 32 -36 88 128 24 -4 -4 -136 -128 -152 52 -124 -4 100 76 156 8 251
36 128 -8 32 -36 88 128 24 -4 -4 -136 -128 -152 52 -124 -4 100 76 156 8 251
36 128 -8 32 -36 88 128 24 -4 -4 -136 -128 -152 52 -124 -4 100 76 156 8 251
36 128 -8 32 -36 88 128 24 -4 -4 -136 -128 -152 52 -124 -4 100 76 156 8 251
36 128 -8 32 -36 88 128 24 -4 -4 -136 -128 -152 52 -124 -4 100 76 156 8 251
36 128 -8 32 -36 88 128 24 -4 -4 -136 -128 -152 52 -124 -4 100 76 156 8 251
144 24 148 -160 104 120 152 80 -64 -144 -116 -144 84 124 32 144 112 -52 124 -116 426
0 152 -112 -88 28 72 -48 124 -164 -140 -132 -124 164 20 136 140 -104 132 -196 56 113
-24 -112 -188 176 -40 -76 -48 -140 104 -12 -152 120 -164 -52 44 4 132 -160 -52 56 268
-84 128 132 76 136 192 -164 -92 196 -196 124 80 -108 -156 -164 176 20 80 -124 64 29
-8 164 -16 -112 140 84 -176 12 0 72 -100 92 -72 -52 32 84 104 56 -128 -116 392
-160 -84 164 -100 -148 72 -88 24 -100 -52 -136 132 -200 36 -80 -16 128 -124 76 -36 32
32 -44 0 116 16 -48 -36 -68 16 100 88 -172 -172 24 -68 96 128 -40 -132 -64 399
-172 -148 -100 176 -120 80 12 8 -56 96 160 -84 196 188 -24 76 64 124 -140 44 347
-108 0 -24 68 96 -72 -28 12 132 -152 -120 -28 -172 -4 -164 96 -108 -48 -44 -60 161
184 -60 44 56 160 -72 52 -32 100 -60 -136 -200 -108 -136 -192 -20 -48 196 128 -72 222
192 168 144 88 -92 -44 -116 200 100 168 32 192 52 140 124 -164 -4 108 20 -56 203
176 -12 184 24 -60 124 168 140 52 -72 -176 24 -144 116 148 -168 -4 132 28 124 369
-48 -12 200 -128 -80 52 96 0 -196 -144 52 -144 -84 16 -32 188 12 32 152 -164 458
-28 4 148 184 36 -20 -196 -128 36 104 24 44 -104 -136 -172 104 24 -60 64 -168 490
156 -104 200 -188 -164 -56 -16 28 -144 -76 -144 -188 156 196 192 20 84 40 -40 -148 143
36 108 -100 -8 -148 84 124 172 88 124 -128 -152 76 44 116 40 -96 -140 -24 36 433
36 108 -100 -8 -148 84 124 172 88 124 -128 -152 76 44 116 40 -96 -140 -24 36 433
36 108 -100 -8 -148 84 124 172 88 124 -128 -152 76 44 116 40 -96 -140 -24 36 433
36 108 -100 -8 -148 84 124 172 88 124 -128 -152 76 44 116 40 -96 -140 -24 36 433
-192 -160 -156 92 60 196 -36 48 -132 -88 -196 -192 -116 172 168 100 32 36 -116 72 150
-192 -160 -156 92 60 196 -36 48 -132 -88 -196 -192 -116 172 168 100 32 36 -116 72 150
-192 -160 -156 92 60 196 -36 48 -132 -88 -196 -192 -116 172 168 100 32 36 -116 72 150
-192 -160 -156 92 60 196 -36 48 -132 -88 -196 -192 -116 172 168 100 32 36 -116 72 150
-192 -160 -156 92 60 196 -36 48 -132 -88 -196 -192 -116 172 168 100 32 36 -116 72 150
-192 -160 -156 92 60 196 -36 48 -132 -88 -196 -192 -116 172 168 100 32 36 -116 72 150
-192 -160 -156 92 60 196 -36 48 -132 -88 -196 -192 -116 172 168 100 32 36 -116 72 150
-192 -160 -156 92 60 196 -36 48 -132 -88 -196 -192 -116 172 168 100 32 36 -116 72 150
-36 -152 164 144 -128 -188 64 180 -16 -8 -200 164 -56 48 4 -56 -60 -104 8 -184 12
-148 -8 -24 -24 -180 200 140 92 -60 -152 16 48 -160 -112 -196 180 168 84 -76 -148 305
156 -84 96 -60 -16 -72 124 48 200 8 -160 -124 116 -68 124 56 0 -176 -156 -128 180
-148 52 -152 60 80 -84 120 -68 -180 -156 -200 40 -116 128 168 32 -180 -132 -4 -196 173
-72 92 -68 -80 -124 -20 96 -20 -32 -108 -76 -60 104 -60 176 188 -48 -40 -168 -92 77
0 -116 76 -4 -24 -64 112 112 24 -160 -140 -172 -156 4 -156 4 40 -180 188 -80 479
0 -116 76 -4 -24 -64 112 112 24 -160 -140 -172 -156 4 -156 4 40 -180 188 -80 479
0 -116 76 -4 -24 -64 112 112 24 -160 -140 -172 -156 4 -156 4 40 -180 188 -80 479
0 -116 76 -4 -24 -64 112 112 24 -160 -140 -172 -156 4 -156 4 40 -180 188 -80 479
0 -116 76 -4 -24 -64 112 112 24 -160 -140 -172 -156 4 -156 4 40 -180 188 -80 479
0 -116 76 -4 -24 -64 112 112 24 -160 -140 -172 -156 4 -156 4 40 -180 188 -80 479
0 -116 76 -4 -24 -64 112 112 24 -160 -140 -172 -156 4 -156 4 40 -180 188 -80 479
56 160 156 -8 40 -56 -140 -164 40 -116 -144 -120 -100 -68 -80 -4 132 -76 36 -44 357
-112 80 -188 -120 -140 -76 92 16 -112 -188 112 24 -52 8 -196 -40 -124 -192 -12 72 465
16 -20 136 -56 -104 32 36 -116 -96 8 -172 136 0 92 -156 -60 196 -152 48 164 486
68 -8 120 -8 -188 -8 -124 -36 -172 -72 176 -164 84 56 -20 -8 144 16 0 -28 422
124 -56 -20 64 -40 52 -28 136 200 52 -184 -68 -188 48 -160 172 104 108 108 -32 319
-56 -152 132 148 104 -16 -172 28 -124 -116 40 148 88 -124 24 20 0 76 -96 -144 24
-136 -136 -164 -56 24 -48 184 -88 -128 16 -172 148 -28 -168 48 116 148 -188 -144 4 348
-112 -188 148 128 -96 -168 96 -168 -132 56 -152 64 -88 -128 -192 84 -112 -52 100 -60 406
156 124 140 36 -164 200 -160 -28 -128 -128 -108 136 -20 200 -148 188 36 20 -88 8 303
120 192 -32 -144 -104 -188 56 160 148 -152 16 192 44 4 -132 4 132 -112 -52 168 109
-184 32 -20 84 200 -188 -16 -72 -108 -128 -188 -172 100 -192 120 40 -168 156 28 -144 63
-184 32 -20 84 200 -188 -16 -72 -108 -128 -188 -172 100 -192 120 40 -168 156 28 -144 63
64 184 128 -32 148 192 44 -80 156 40 8 -64 -132 164 -200 0 -148 -44 -4 76 307
-156 -148 140 4 -104 104 -156 160 -24 -188 -52 -116 -40 172 -56 -52 96 -72 -36 -120 142
-168 -172 -112 8 172 -24 48 -200 128 -116 -4 -88 -36 176 200 200 132 136 -120 144 48
-60 -96 112 -100 -148 12 96 128 -96 -84 -132 -200 52 -176 124 -8 -140 -196 76 -76 191
192 116 160 -36 164 196 164 -68 -164 -12 16 -76 -120 40 72 132 112 104 -88 -84 459
28 -36 -8 -160 152 -4 -164 164 4 -116 -196 -24 -184 20 12 52 68 64 -152 -60 123
124 -8 48 -196 188 -156 76 148 64 -152 -144 -68 -160 84 100 -108 -76 -4 72 -68 40
-112 8 192 -128 -24 8 -180 156 -196 -168 -92 -80 -156 64 -156 132 -76 -116 -136 4 467
156 -164 92 -136 -164 -148 136 44 -192 -88 -160 -8 16 -176 24 156 -48 168 -128 -144 361
