36 128 -8 32 -36 88 128 24 -4 -4 -136 -128 -152 52 -124 -4 100 76 156 8 251
-192 -160 -156 92 60 196 -36 48 -132 -88 -196 -192 -116 172 168 100 32 36 -116 72 150
0 -116 76 -4 -24 -64 112 112 24 -160 -140 -172 -156 4 -156 4 40 -180 188 -80 479
184 -168 148 112 8 -188 120 136 52 20 -120 72 -184 92 108 100 -88 -64 -76 -116 215
-104 148 112 -104 100 48 196 16 -144 -60 -56 -176 184 20 -64 48 20 -164 -120 -168 62
136 200 -32 -152 -88 -92 88 32 -132 184 -116 -92 -176 100 40 120 -20 184 -192 -52 279
88 16 -40 120 112 184 116 88 -80 -176 -196 56 -128 24 -84 172 -76 -104 -168 -188 216
-68 104 -200 -116 108 52 52 -104 56 -76 -48 -56 -96 -200 72 56 -132 40 -76 72 383
-140 160 28 -24 8 140 88 36 116 68 24 -188 -116 -128 96 -20 -128 136 44 60 37
32 128 36 128 -20 176 112 68 -160 -80 -168 -44 -88 -16 8 48 -68 20 96 88 379
-120 -200 0 -56 -76 132 28 120 -4 140 -20 -104 -160 108 28 180 -44 -164 -136 -24 422
-108 -28 -176 148 108 -76 196 68 8 -172 -164 -160 -140 -92 188 60 -24 152 -16 108 478
-64 -132 44 124 112 136 200 76 4 28 -200 -184 40 -176 192 16 68 -96 4 44 421
88 64 8 156 -144 24 168 124 -148 -72 -144 -56 -132 -132 180 44 164 -8 4 -40 416
24 -36 176 -152 -200 152 68 -104 160 -152 -104 160 -120 172 52 116 56 124 192 -8 317
-176 -8 -132 32 -160 136 60 64 -148 -104 -176 -192 -20 176 68 16 172 132 -16 104 436
-72 -24 172 -4 -140 60 -28 84 -180 -80 76 -188 -188 152 156 8 -136 -160 20 184 55
-184 32 -20 84 200 -188 -16 -72 -108 -128 -188 -172 100 -192 120 40 -168 156 28 -144 63
72 -92 -52 -20 96 56 -104 -136 -4 -28 -84 -188 -176 76 -104 152 -100 176 -192 -128 67
-72 -132 40 -160 -140 -160 56 -156 -84 48 -160 -88 -36 -140 -44 128 -16 -68 -144 92 90
