13.86 (defvar *ponderations* '((50 25 75 125 0 0)(200 150 175 100 0 0)))	15.6
13.7 (defvar *ponderations* '((50 25 125 100 0 0)(175 150 200 75 0 0)))	12.4
13.66 (defvar *ponderations* '((125 50 175 100 0 0)(150 75 200 25 0 0)))	16.266666
13.62 (defvar *ponderations* '((50 25 100 125 0 0)(150 175 200 75 0 0)))	14.8
13.54 (defvar *ponderations* '((25 50 150 100 0 0)(200 125 175 75 0 0)))	12.933333
13.5 (defvar *ponderations* '((75 25 125 150 0 0)(200 175 100 50 0 0)))	14.933333
13.48 (defvar *ponderations* '((150 75 100 25 0 0)(125 175 200 50 0 0)))	12.4
13.48 (defvar *ponderations* '((25 50 125 100 0 0)(175 150 200 75 0 0)))	14.666667
13.48 (defvar *ponderations* '((50 25 100 125 0 0)(150 200 175 75 0 0)))	13.066667
13.48 (defvar *ponderations* '((50 25 125 100 0 0)(175 200 150 75 0 0)))	13.6
13.4 (defvar *ponderations* '((175 25 75 150 0 0)(125 100 200 50 0 0)))	14.533334
13.36 (defvar *ponderations* '((75 25 100 125 0 0)(150 175 200 50 0 0)))	14.933333
13.34 (defvar *ponderations* '((125 25 75 150 0 0)(100 175 200 50 0 0)))	16.266666
13.28 (defvar *ponderations* '((50 75 100 125 0 0)(150 200 175 25 0 0)))	16.533333
13.28 (defvar *ponderations* '((75 50 100 125 0 0)(200 175 150 25 0 0)))	12.533334
13.24 (defvar *ponderations* '((50 25 75 200 0 0)(175 100 150 125 0 0)))	14.933333
13.22 (defvar *ponderations* '((50 25 175 150 0 0)(125 100 200 75 0 0)))	13.6
13.2 (defvar *ponderations* '((125 25 175 200 0 0)(100 75 150 50 0 0)))	14.4
13.1 (defvar *ponderations* '((150 25 175 125 0 0)(100 75 200 50 0 0)))	16.0
13.08 (defvar *ponderations* '((100 50 175 150 0 0)(200 125 75 25 0 0)))	12.533334
13.08 (defvar *ponderations* '((125 25 150 100 0 0)(200 175 75 50 0 0)))	12.4
13.08 (defvar *ponderations* '((25 75 175 100 0 0)(150 125 200 50 0 0)))	16.533333
13.08 (defvar *ponderations* '((75 50 100 150 0 0)(125 200 175 25 0 0)))	13.733334
13.06 (defvar *ponderations* '((25 125 150 75 0 0)(200 175 100 50 0 0)))	14.533334
13.06 (defvar *ponderations* '((50 25 75 125 0 0)(200 175 150 100 0 0)))	13.466666
13.02 (defvar *ponderations* '((125 50 175 100 0 0)(200 75 150 25 0 0)))	12.533334
12.98 (defvar *ponderations* '((100 25 75 150 0 0)(200 125 175 50 0 0)))	16.0
12.98 (defvar *ponderations* '((50 25 175 125 0 0)(150 100 200 75 0 0)))	13.866667
12.96 (defvar *ponderations* '((100 25 175 75 0 0)(200 125 150 50 0 0)))	16.266666
12.96 (defvar *ponderations* '((175 25 75 100 0 0)(200 125 150 50 0 0)))	16.0
12.96 (defvar *ponderations* '((25 100 175 125 0 0)(150 200 75 50 0 0)))	15.066667
12.96 (defvar *ponderations* '((25 50 75 125 0 0)(200 175 150 100 0 0)))	16.4
12.96 (defvar *ponderations* '((25 75 125 100 0 0)(200 175 150 50 0 0)))	14.266666
12.92 (defvar *ponderations* '((25 75 150 175 0 0)(200 125 50 100 0 0)))	14.933333
12.92 (defvar *ponderations* '((50 150 200 175 0 0)(125 75 100 25 0 0)))	14.533334
12.9 (defvar *ponderations* '((50 125 200 75 0 0)(150 100 175 25 0 0)))	14.8
12.88 (defvar *ponderations* '((50 25 200 150 0 0)(125 100 175 75 0 0)))	13.6
12.86 (defvar *ponderations* '((25 125 150 75 0 0)(200 175 50 100 0 0)))	14.533334
12.84 (defvar *ponderations* '((25 125 175 75 0 0)(200 150 100 50 0 0)))	14.8
12.84 (defvar *ponderations* '((25 75 125 100 0 0)(150 175 200 50 0 0)))	12.533334
12.84 (defvar *ponderations* '((50 75 175 25 0 0)(200 100 125 150 0 0)))	14.4
12.84 (defvar *ponderations* '((75 25 100 150 0 0)(200 125 175 50 0 0)))	12.0
12.82 (defvar *ponderations* '((150 50 100 125 0 0)(200 175 25 75 0 0)))	15.2
12.82 (defvar *ponderations* '((150 50 75 25 0 0)(200 100 175 125 0 0)))	14.8
12.8 (defvar *ponderations* '((100 50 75 150 0 0)(125 175 200 25 0 0)))	14.0
12.8 (defvar *ponderations* '((25 75 150 100 0 0)(125 175 200 50 0 0)))	13.733334
12.78 (defvar *ponderations* '((150 75 125 100 0 0)(175 200 50 25 0 0)))	15.2
12.78 (defvar *ponderations* '((25 50 150 125 0 0)(200 100 175 75 0 0)))	13.2
12.78 (defvar *ponderations* '((25 50 175 125 0 0)(200 100 150 75 0 0)))	15.333333
12.78 (defvar *ponderations* '((50 25 100 125 0 0)(175 150 200 75 0 0)))	15.2
12.78 (defvar *ponderations* '((75 50 175 100 0 0)(200 150 125 25 0 0)))	13.866667
12.76 (defvar *ponderations* '((100 25 150 125 0 0)(200 175 75 50 0 0)))	13.6
12.76 (defvar *ponderations* '((125 75 25 150 0 0)(100 200 175 50 0 0)))	12.666667
12.76 (defvar *ponderations* '((50 150 100 75 0 0)(175 125 25 0 0 0)))	12.266666
12.76 (defvar *ponderations* '((50 150 100 75 0 0)(175 125 25 0 0 0)))	14.133333
12.76 (defvar *ponderations* '((50 150 100 75 0 0)(175 125 25 0 0 0)))
12.76 (defvar *ponderations* '((50 175 150 125 0 0)(200 100 75 25 0 0)))	13.2
12.76 (defvar *ponderations* '((50 25 175 100 0 0)(200 125 150 75 0 0)))	14.266666
12.76 (defvar *ponderations* '((75 25 125 100 0 0)(150 200 175 50 0 0)))	13.2
12.74 (defvar *ponderations* '((100 25 125 150 0 0)(175 200 75 50 0 0)))	13.6
12.72 (defvar *ponderations* '((100 25 175 200 0 0)(125 75 150 50 0 0)))	13.066667
12.72 (defvar *ponderations* '((25 150 175 125 0 0)(200 100 75 50 0 0)))	14.266666
12.72 (defvar *ponderations* '((25 50 175 125 0 0)(150 100 200 75 0 0)))	13.2
12.72 (defvar *ponderations* '((50 100 125 75 0 0)(150 175 25 0 0 0)))	14.4
12.72 (defvar *ponderations* '((50 100 125 75 0 0)(150 175 25 0 0 0)))	15.466666
12.72 (defvar *ponderations* '((50 100 125 75 0 0)(150 175 25 0 0 0)))
12.72 (defvar *ponderations* '((50 125 100 25 0 0)(200 150 175 75 0 0)))	14.533334
12.72 (defvar *ponderations* '((50 25 175 75 0 0)(200 150 125 100 0 0)))	15.333333
12.7 (defvar *ponderations* '((100 50 75 125 0 0)(200 150 175 25 0 0)))	15.066667
12.7 (defvar *ponderations* '((25 175 150 100 0 0)(200 125 75 50 0 0)))	15.066667
12.68 (defvar *ponderations* '((100 25 50 150 0 0)(200 125 175 75 0 0)))	12.4
12.68 (defvar *ponderations* '((100 75 50 125 0 0)(150 200 175 25 0 0)))	13.733334
12.68 (defvar *ponderations* '((75 25 125 100 0 0)(200 175 150 50 0 0)))	12.0
12.66 (defvar *ponderations* '((25 50 100 175 0 0)(200 125 150 75 0 0)))	13.066667
12.64 (defvar *ponderations* '((25 125 175 100 0 0)(200 150 75 50 0 0)))	12.933333
12.64 (defvar *ponderations* '((75 50 125 100 0 0)(175 200 150 25 0 0)))	13.2
12.62 (defvar *ponderations* '((125 50 150 175 0 0)(100 75 200 25 0 0)))	14.266666
12.62 (defvar *ponderations* '((125 50 75 150 0 0)(100 175 200 25 0 0)))	12.8
12.62 (defvar *ponderations* '((150 100 25 175 0 0)(200 50 125 75 0 0)))	15.2
12.62 (defvar *ponderations* '((175 25 125 200 0 0)(100 75 150 50 0 0)))	14.266666
12.62 (defvar *ponderations* '((175 50 125 150 0 0)(100 75 200 25 0 0)))	14.0
12.6 (defvar *ponderations* '((150 50 175 125 0 0)(100 75 200 25 0 0)))	13.066667
12.6 (defvar *ponderations* '((25 125 150 100 0 0)(175 200 75 50 0 0)))	13.733334
12.6 (defvar *ponderations* '((75 25 125 175 0 0)(200 150 100 50 0 0)))	12.533334
12.6 (defvar *ponderations* '((75 25 150 125 0 0)(200 100 175 50 0 0)))	12.666667
12.6 (defvar *ponderations* '((75 50 150 125 0 0)(100 200 175 25 0 0)))	16.4
12.58 (defvar *ponderations* '((100 75 150 25 0 0)(125 175 200 50 0 0)))	14.4
12.58 (defvar *ponderations* '((150 50 75 175 0 0)(100 125 200 25 0 0)))	12.933333
12.58 (defvar *ponderations* '((25 150 75 100 0 0)(200 125 175 50 0 0)))	14.933333
12.58 (defvar *ponderations* '((50 25 150 125 0 0)(200 100 175 75 0 0)))	12.666667
12.56 (defvar *ponderations* '((125 25 200 75 0 0)(175 100 150 50 0 0)))	15.6
12.56 (defvar *ponderations* '((25 75 125 200 0 0)(175 150 100 50 0 0)))	12.0
12.56 (defvar *ponderations* '((50 25 125 175 0 0)(150 100 200 75 0 0)))	12.666667
12.56 (defvar *ponderations* '((50 25 75 175 0 0)(200 100 150 125 0 0)))	14.266666
12.54 (defvar *ponderations* '((150 25 175 75 0 0)(125 100 200 50 0 0)))	13.333333
12.54 (defvar *ponderations* '((200 50 75 100 0 0)(150 125 175 25 0 0)))	14.266666
12.54 (defvar *ponderations* '((25 100 125 175 0 0)(150 75 200 50 0 0)))	13.333333
12.54 (defvar *ponderations* '((25 100 175 75 0 0)(200 150 125 50 0 0)))	12.8
12.54 (defvar *ponderations* '((50 150 125 175 0 0)(200 100 75 25 0 0)))	15.6
12.54 (defvar *ponderations* '((50 25 175 75 0 0)(150 100 200 125 0 0)))	13.333333
12.54 (defvar *ponderations* '((75 50 150 100 0 0)(200 175 125 25 0 0)))	13.6
