30 60 80 10 50 90 100 80 100 60 20 30 		0
50 50 90 90 40 40 50 60 20 60 90 70 		0.525
20 50 60 60 100 30 100 60 50 60 50 20 		0
30 80 80 10 90 60 60 10 30 70 30 40 		0
90 80 50 60 40 10 10 40 60 10 30 50 		0
40 60 60 20 20 30 80 30 70 60 30 20 		0.4
20 20 10 90 20 100 30 80 20 50 40 50 		0
100 50 50 40 60 80 20 70 80 30 70 70 		0
50 10 80 30 100 50 50 10 100 60 50 10 		0
100 40 70 40 70 50 50 20 20 60 40 20 		0
50 100 40 90 40 30 80 50 40 20 20 50 		0
90 10 50 40 30 20 80 70 70 40 30 80 		0
60 20 60 20 80 20 80 50 50 60 100 100 		0
100 100 80 30 30 10 40 60 80 100 20 30 		0
60 30 50 30 90 70 90 80 90 70 30 90 		0
70 10 50 30 70 20 90 30 20 20 80 20 		0
