80 10 70 50 90 20 20 80 30 80 80 50 		0.0 0.4625
20 30 30 80 100 30 80 90 10 80 70 90 		0.0 0
90 10 60 90 80 50 10 30 70 80 90 20 		0.0 0
90 20 50 10 20 10 80 30 30 30 70 20 		0.0 0.425
30 100 90 10 70 100 50 20 70 50 20 50 		0.0 0
40 30 20 30 30 60 40 80 70 100 20 50 		0.0 0.6
20 70 80 30 20 80 10 60 80 20 40 90 		0.0 0
20 10 30 20 80 90 20 80 40 60 100 20 		0.0 0.45
90 10 50 70 100 10 50 40 30 70 70 70 		0.0 0
90 80 70 20 40 70 60 70 80 90 40 10 		0.0 0.5
50 10 40 30 10 70 100 90 50 30 100 70 		0.0 0
40 60 80 50 60 50 30 40 40 80 70 70 		0.0 0.5375
70 90 70 70 30 10 80 50 30 100 20 10 		0.0 0
50 100 50 60 100 10 70 50 60 60 80 20 		0.0 0.525
10 20 100 60 70 30 70 20 90 50 20 70 		0.0 0
40 100 90 20 30 30 20 10 70 40 40 70 		0.0 0
