(defvar *ponderations* '((240 120 270 240 30 270)(300 300 270 240 120 60)))		0.64
(defvar *ponderations* '((210 30 60 240 90 240)(90 240 120 30 210 120)))		0.64
(defvar *ponderations* '((120 150 240 60 240 30)(240 210 30 270 240 240)))		0.64
(defvar *ponderations* '((120 150 300 270 210 120)(240 270 90 60 240 240)))		0.66
(defvar *ponderations* '((180 300 120 300 300 60)(210 300 60 120 120 120)))		0.65
(defvar *ponderations* '((120 240 240 240 210 30)(150 270 30 270 60 240)))		0.64
(defvar *ponderations* '((240 270 240 150 60 60)(240 90 300 300 150 270)))		0.64
(defvar *ponderations* '((240 270 150 270 240 180)(210 150 90 120 180 120)))		0.64
(defvar *ponderations* '((150 210 180 180 30 240)(180 30 60 90 150 60)))		0.64
(defvar *ponderations* '((60 60 240 120 270 300)(150 270 270 150 180 120)))		0.65
(defvar *ponderations* '((120 270 150 60 90 180)(150 300 90 300 270 180)))		0.66
(defvar *ponderations* '((90 270 60 300 240 30)(210 180 150 270 180 240)))		0.64
(defvar *ponderations* '((120 150 210 180 150 270)(240 210 240 90 150 210)))		0.64
(defvar *ponderations* '((60 180 90 120 120 30)(90 180 150 210 60 60)))		0.64
