(defvar *ponderations* '((-90 210 -90 150 -150 -120 )(-210 240 -150 -270 300 -120)))	(defvar *parameters* '((-90 -210 -270 180 )(-210 120 -150 -60)))	(defvar *peso* 150)							0.6593137254901961
(defvar *ponderations* '((30 90 -240 -240 150 -210 )(-90 -30 210 -30 0 -240)))	(defvar *parameters* '((-60 90 90 -120 )(30 -210 120 -270)))	(defvar *peso* 90)							0.6200980392156863
(defvar *ponderations* '((-180 -120 300 -210 120 -300 )(-90 90 30 -150 -180 -270)))	(defvar *parameters* '((0 0 270 -90 )(-240 120 -150 -150)))	(defvar *peso* 180)							0.6225490196078431
(defvar *ponderations* '((120 300 -270 180 -120 -150 )(-270 150 240 90 -180 0)))	(defvar *parameters* '((-180 -180 0 -210 )(-210 270 -270 90)))	(defvar *peso* 270)							0.6176470588235294
(defvar *ponderations* '((30 -210 270 -240 -90 -300 )(150 270 90 180 150 60)))	(defvar *parameters* '((180 -150 60 270 )(180 300 30 -90)))	(defvar *peso* 60)							0.5612745098039216
(defvar *ponderations* '((60 -180 -240 -150 150 120 )(300 90 -270 -60 210 0)))	(defvar *parameters* '((-90 270 270 150 )(-180 180 -90 -180)))	(defvar *peso* 240)							0.6568627450980392
(defvar *ponderations* '((0 -60 -240 60 300 300 )(-90 240 -180 30 -120 120)))	(defvar *parameters* '((210 -60 180 180 )(-150 60 -60 -150)))	(defvar *peso* 90)							0.6911764705882353
(defvar *ponderations* '((240 120 -30 -150 240 -120 )(-240 -30 270 -240 240 -210)))	(defvar *parameters* '((270 -210 -240 210 )(-30 300 -180 -240)))	(defvar *peso* 90)							0.5465686274509803
(defvar *ponderations* '((-90 -120 -90 150 300 150 )(0 180 -60 60 -60 -150)))	(defvar *parameters* '((-150 -150 120 240 )(-300 -300 -270 30)))	(defvar *peso* 0)							0.6936274509803921
(defvar *ponderations* '((150 180 -90 150 210 240 )(300 -210 30 -300 180 -60)))	(defvar *parameters* '((30 -240 300 210 )(-180 -300 270 0)))	(defvar *peso* 180)							0.6617647058823529
(defvar *ponderations* '((-270 -210 240 180 150 300 )(300 150 -90 120 150 -210)))	(defvar *parameters* '((-300 150 -240 150 )(120 180 -300 90)))	(defvar *peso* 240)							0.5367647058823529
(defvar *ponderations* '((-150 -210 210 -270 0 120 )(90 180 150 210 180 150)))	(defvar *parameters* '((-120 210 -60 0 )(-150 -120 90 -210)))	(defvar *peso* 180)							0.5196078431372549
(defvar *ponderations* '((90 -90 -30 -210 90 120 )(300 60 -300 -60 150 -90)))	(defvar *parameters* '((-300 90 -180 -90 )(300 270 210 30)))	(defvar *peso* 210)							0.6102941176470589
(defvar *ponderations* '((-90 -210 210 -90 60 -150 )(-150 180 -240 -120 120 -240)))	(defvar *parameters* '((-120 -90 90 -90 )(-120 180 150 -120)))	(defvar *peso* 60)							0.5563725490196079
(defvar *ponderations* '((-120 0 -90 -30 300 -210 )(270 30 270 240 300 -30)))	(defvar *parameters* '((90 -270 180 -30 )(120 -90 -270 -270)))	(defvar *peso* 120)							0.5245098039215687
(defvar *ponderations* '((180 270 270 -300 -270 -150 )(-120 -180 -210 -240 300 -30)))	(defvar *parameters* '((-90 -210 -30 -60 )(-150 150 -240 150)))	(defvar *peso* 180)							0.6029411764705882
(defvar *ponderations* '((150 -240 240 240 240 30 )(300 -60 -120 240 120 -270)))	(defvar *parameters* '((300 -180 60 240 )(0 120 270 180)))	(defvar *peso* 150)							0.5637254901960784
(defvar *ponderations* '((90 150 -300 -30 120 -30 )(60 60 0 0 -270 -210)))	(defvar *parameters* '((-240 -150 -180 -210 )(0 -270 -90 -270)))	(defvar *peso* 90)							0.6495098039215687
(defvar *ponderations* '((210 270 0 0 240 60 )(240 270 300 60 -30 -60)))	(defvar *parameters* '((-240 -270 -300 -30 )(180 150 -240 60)))	(defvar *peso* 270)							0.6102941176470589
(defvar *ponderations* '((-270 180 240 90 -270 -60 )(-180 240 -210 -270 -90 -240)))	(defvar *parameters* '((-270 30 -210 -120 )(60 -60 300 120)))	(defvar *peso* 0)							0.6053921568627451
(defvar *ponderations* '((-180 30 -210 -300 180 -300 )(150 150 210 240 30 -300)))	(defvar *parameters* '((120 120 180 120 )(-300 180 -300 -240)))	(defvar *peso* 90)							0.6617647058823529
(defvar *ponderations* '((120 210 60 -60 210 60 )(90 270 90 -90 -60 -120)))	(defvar *parameters* '((-120 300 -90 -270 )(-90 -90 30 -30)))	(defvar *peso* 150)							0.6151960784313726
(defvar *ponderations* '((-210 -60 -60 -180 180 300 )(-60 180 -210 -90 -120 -60)))	(defvar *parameters* '((-300 -90 -60 270 )(-150 210 180 30)))	(defvar *peso* 30)							0.6887254901960784
(defvar *ponderations* '((-120 -240 -30 -240 180 180 )(-300 -180 180 180 -150 240)))	(defvar *parameters* '((-210 270 180 300 )(-120 -120 300 210)))	(defvar *peso* 150)							0.5735294117647058
(defvar *ponderations* '((-180 -180 150 300 90 -90 )(150 -30 60 -150 60 300)))	(defvar *parameters* '((300 30 -300 60 )(-270 60 30 -30)))	(defvar *peso* 90)							0.625
(defvar *ponderations* '((240 -60 270 30 300 -150 )(30 -150 -90 -210 -60 -180)))	(defvar *parameters* '((210 0 60 -120 )(150 30 -180 150)))	(defvar *peso* 150)							0.5465686274509803
(defvar *ponderations* '((120 -60 -120 300 -180 90 )(60 -240 270 -120 30 120)))	(defvar *parameters* '((-30 -180 120 90 )(270 -30 120 240)))	(defvar *peso* 60)							0.5196078431372549
(defvar *ponderations* '((150 -60 -150 -30 60 -120 )(-90 -240 -120 270 -240 210)))	(defvar *parameters* '((-270 150 270 60 )(120 -210 -150 -30)))	(defvar *peso* 60)							0.6029411764705882
(defvar *ponderations* '((180 -300 0 -270 60 -270 )(180 300 -210 -150 -180 -30)))	(defvar *parameters* '((-120 -90 -30 -180 )(-30 -60 -210 30)))	(defvar *peso* 180)							0.5906862745098039
(defvar *ponderations* '((-270 -60 300 240 0 0 )(-30 60 -90 -300 0 150)))	(defvar *parameters* '((30 -270 -270 -240 )(-300 0 -180 -30)))	(defvar *peso* 90)							0.5563725490196079
(defvar *ponderations* '((150 30 150 30 -270 -30 )(300 300 -120 -150 0 30)))	(defvar *parameters* '((0 -180 210 -30 )(300 -60 -300 60)))	(defvar *peso* 60)							0.625
(defvar *ponderations* '((150 150 -150 -120 270 -300 )(-270 -60 -150 -180 -60 -90)))	(defvar *parameters* '((-150 -90 150 270 )(60 300 0 -60)))	(defvar *peso* 60)							0.6985294117647058
(defvar *ponderations* '((240 90 120 -300 -210 -90 )(210 180 -240 -150 -120 -210)))	(defvar *parameters* '((-30 210 -30 -300 )(-300 -30 90 -30)))	(defvar *peso* 90)							0.5416666666666666
(defvar *ponderations* '((-240 -60 30 -300 0 -120 )(-300 30 -30 150 -270 180)))	(defvar *parameters* '((-120 0 -270 -180 )(-300 300 -180 -180)))	(defvar *peso* 90)							0.5833333333333334
(defvar *ponderations* '((300 270 240 -270 -240 60 )(90 -90 -60 -270 270 -270)))	(defvar *parameters* '((180 -180 120 -180 )(-90 -240 -210 300)))	(defvar *peso* 60)							0.553921568627451
(defvar *ponderations* '((-180 -270 -180 90 -270 -120 )(300 -150 -150 -120 180 0)))	(defvar *parameters* '((0 90 30 60 )(-150 -30 -240 90)))	(defvar *peso* 60)							0.5833333333333334
(defvar *ponderations* '((180 180 150 -240 -270 -150 )(0 -240 240 -300 90 300)))	(defvar *parameters* '((-210 -270 120 300 )(60 -150 -60 120)))	(defvar *peso* 120)							0.5416666666666666
(defvar *ponderations* '((240 -60 240 -30 210 270 )(210 -150 30 -30 120 210)))	(defvar *parameters* '((240 -120 -210 180 )(300 -90 90 0)))	(defvar *peso* 210)							0.6495098039215687
(defvar *ponderations* '((-270 210 -120 -90 300 180 )(270 270 60 -30 60 270)))	(defvar *parameters* '((210 0 -60 -300 )(0 0 210 -150)))	(defvar *peso* 120)							0.5122549019607843
(defvar *ponderations* '((-240 240 -210 -180 210 270 )(-180 -240 30 -300 210 -210)))	(defvar *parameters* '((-180 -240 -90 270 )(-60 -180 -180 240)))	(defvar *peso* 240)							0.5955882352941176
(defvar *ponderations* '((300 180 -270 300 150 300 )(-180 0 -90 -150 0 120)))	(defvar *parameters* '((90 240 0 -60 )(150 210 -210 90)))	(defvar *peso* 120)							0.5759803921568627
(defvar *ponderations* '((60 -60 300 0 0 -30 )(180 -270 240 -240 30 300)))	(defvar *parameters* '((-90 30 -270 -240 )(60 -300 -60 150)))	(defvar *peso* 180)							0.5122549019607843
(defvar *ponderations* '((-210 -240 -180 -30 -270 180 )(240 0 30 240 -210 180)))	(defvar *parameters* '((30 30 240 180 )(-30 -180 -150 120)))	(defvar *peso* 0)							0.5808823529411765
(defvar *ponderations* '((60 0 120 -240 180 210 )(120 -150 -120 -30 -90 60)))	(defvar *parameters* '((30 90 90 -270 )(300 210 -30 -30)))	(defvar *peso* 150)							0.5122549019607843
(defvar *ponderations* '((-300 240 150 -210 -210 300 )(-150 -60 -30 -30 -60 90)))	(defvar *parameters* '((-150 -180 270 -60 )(300 180 -270 -240)))	(defvar *peso* 90)							0.5980392156862745
(defvar *ponderations* '((60 30 -180 -300 30 90 )(60 120 -270 -120 240 270)))	(defvar *parameters* '((-120 -240 0 240 )(-30 180 -60 240)))	(defvar *peso* 270)							0.553921568627451
(defvar *ponderations* '((-60 -180 30 -90 180 60 )(-180 120 -240 60 -120 -60)))	(defvar *parameters* '((-210 270 60 30 )(-270 30 180 0)))	(defvar *peso* 60)							0.5612745098039216
(defvar *ponderations* '((-210 30 150 -210 270 30 )(150 -150 210 -180 270 -180)))	(defvar *parameters* '((-300 300 -120 150 )(0 -90 240 -60)))	(defvar *peso* 240)							0.6985294117647058
(defvar *ponderations* '((240 30 -60 30 -300 30 )(-150 -210 -60 90 -210 240)))	(defvar *parameters* '((-120 0 -30 -30 )(-150 120 -300 -120)))	(defvar *peso* 240)							0.625
(defvar *ponderations* '((-180 -180 120 -60 60 -60 )(180 90 210 -210 -60 210)))	(defvar *parameters* '((150 -180 -150 -30 )(0 90 -150 -150)))	(defvar *peso* 90)							0.6642156862745098
(defvar *ponderations* '((-210 -120 -120 120 -240 -240 )(30 -240 240 300 -90 30)))	(defvar *parameters* '((-180 210 -270 120 )(240 -60 150 -60)))	(defvar *peso* 60)							0.5857843137254902
(defvar *ponderations* '((150 -300 -120 -240 -120 -30 )(300 240 -300 240 -180 270)))	(defvar *parameters* '((210 -270 -270 270 )(150 -30 120 -180)))	(defvar *peso* 90)							0.6764705882352942
(defvar *ponderations* '((300 -60 -30 -150 120 -300 )(270 -240 0 -210 -150 0)))	(defvar *parameters* '((300 -240 -300 -120 )(60 -150 -90 -180)))	(defvar *peso* 150)							0.5367647058823529
(defvar *ponderations* '((300 -150 300 -90 120 -210 )(210 -210 210 -120 -120 -240)))	(defvar *parameters* '((150 -60 -180 120 )(-270 -30 300 60)))	(defvar *peso* 210)							0.6715686274509803
(defvar *ponderations* '((180 -210 -120 240 270 270 )(300 270 60 90 270 210)))	(defvar *parameters* '((30 -240 -90 120 )(120 270 300 -90)))	(defvar *peso* 180)							0.6323529411764706
(defvar *ponderations* '((-240 30 -210 -120 240 -240 )(90 -210 -300 60 180 -270)))	(defvar *parameters* '((60 -180 210 270 )(-270 -270 -150 30)))	(defvar *peso* 30)							0.6470588235294118
(defvar *ponderations* '((120 -30 120 -240 120 -270 )(-120 0 -210 120 -300 300)))	(defvar *parameters* '((180 210 -240 -120 )(240 -120 -180 -240)))	(defvar *peso* 0)							0.6544117647058824
(defvar *ponderations* '((30 -30 -60 0 -120 0 )(150 300 60 90 -180 90)))	(defvar *parameters* '((-240 150 180 -240 )(-120 -270 180 -30)))	(defvar *peso* 270)							0.6666666666666666
(defvar *ponderations* '((240 -210 60 120 270 -240 )(-60 -30 -30 270 120 300)))	(defvar *parameters* '((-90 -90 -30 180 )(-90 60 -240 -210)))	(defvar *peso* 0)							0.5196078431372549
(defvar *ponderations* '((-270 300 -300 120 120 -210 )(240 180 -90 60 -300 30)))	(defvar *parameters* '((240 30 -150 0 )(300 -180 180 -30)))	(defvar *peso* 120)							0.6715686274509803
(defvar *ponderations* '((60 60 -270 30 120 210 )(120 270 -210 -240 210 0)))	(defvar *parameters* '((30 90 180 -300 )(30 -150 30 150)))	(defvar *peso* 150)							0.5171568627450981
(defvar *ponderations* '((-240 -150 90 -240 270 -270 )(270 240 300 180 -180 270)))	(defvar *parameters* '((-270 -60 300 -150 )(-210 270 150 90)))	(defvar *peso* 90)							0.6813725490196079
(defvar *ponderations* '((-240 -270 -270 210 150 0 )(60 180 300 210 -90 -180)))	(defvar *parameters* '((90 180 30 300 )(0 -120 60 -60)))	(defvar *peso* 90)							0.6470588235294118
(defvar *ponderations* '((270 -30 -120 240 -150 150 )(240 120 -180 60 -30 0)))	(defvar *parameters* '((-120 -180 60 -60 )(120 180 -270 -90)))	(defvar *peso* 210)							0.6078431372549019
(defvar *ponderations* '((120 0 -210 -210 270 -30 )(300 0 -30 240 90 90)))	(defvar *parameters* '((210 -240 150 270 )(0 60 -30 -120)))	(defvar *peso* 90)							0.5514705882352942
(defvar *ponderations* '((0 -120 -270 -60 60 300 )(-60 -120 180 -240 -210 -90)))	(defvar *parameters* '((150 -120 -90 60 )(-300 60 0 -210)))	(defvar *peso* 270)							0.6078431372549019
(defvar *ponderations* '((240 210 270 -300 -150 -30 )(90 210 -270 90 -30 -180)))	(defvar *parameters* '((60 -270 90 -120 )(-180 0 180 0)))	(defvar *peso* 30)							0.5637254901960784
(defvar *ponderations* '((-300 120 -60 180 -30 -90 )(-300 -240 -30 180 -270 150)))	(defvar *parameters* '((0 -60 0 300 )(300 -240 150 -180)))	(defvar *peso* 60)							0.6740196078431373
(defvar *ponderations* '((300 240 60 -90 270 -150 )(-240 30 -60 180 -240 210)))	(defvar *parameters* '((-150 30 120 -210 )(30 -300 -240 -30)))	(defvar *peso* 210)							0.5833333333333334
(defvar *ponderations* '((240 180 60 -300 120 -270 )(120 90 270 150 90 -90)))	(defvar *parameters* '((-300 210 0 -60 )(-210 150 240 180)))	(defvar *peso* 180)							0.6102941176470589
(defvar *ponderations* '((120 -60 300 -90 -270 240 )(-120 -120 -120 120 -240 0)))	(defvar *parameters* '((-300 -300 -150 -180 )(-150 300 90 -90)))	(defvar *peso* 180)							0.5931372549019608
(defvar *ponderations* '((30 0 -180 240 -270 -30 )(-180 30 -180 -60 120 -240)))	(defvar *parameters* '((-60 -30 300 180 )(-90 300 -120 -180)))	(defvar *peso* 150)							0.6421568627450981
(defvar *ponderations* '((120 270 -180 -210 -120 60 )(210 0 -300 270 60 240)))	(defvar *parameters* '((-30 -300 -210 30 )(-180 -150 60 30)))	(defvar *peso* 90)							0.5735294117647058
(defvar *ponderations* '((-150 -270 -90 -270 -150 30 )(-120 -300 210 -120 -270 -300)))	(defvar *parameters* '((-120 300 300 120 )(120 210 -210 180)))	(defvar *peso* 240)							0.5416666666666666
(defvar *ponderations* '((120 -90 90 180 180 120 )(270 270 -30 120 -300 150)))	(defvar *parameters* '((240 240 30 -180 )(-30 -180 270 -300)))	(defvar *peso* 60)							0.5269607843137255
(defvar *ponderations* '((150 210 -120 150 -240 150 )(270 -240 60 90 -240 120)))	(defvar *parameters* '((0 -30 270 -300 )(300 -30 270 150)))	(defvar *peso* 300)							0.5024509803921569
(defvar *ponderations* '((-30 -180 300 -30 -300 -90 )(-60 -210 150 -60 -240 30)))	(defvar *parameters* '((120 -90 -120 150 )(-120 -210 -270 60)))	(defvar *peso* 60)							0.6740196078431373
(defvar *ponderations* '((-60 -210 -300 90 210 -150 )(0 120 -270 90 -300 210)))	(defvar *parameters* '((240 90 270 240 )(300 -30 120 300)))	(defvar *peso* 150)							0.6127450980392157
(defvar *ponderations* '((120 180 -210 -60 -90 -180 )(90 -300 -150 -240 90 0)))	(defvar *parameters* '((-120 -240 150 0 )(-180 270 30 60)))	(defvar *peso* 270)							0.6397058823529411
(defvar *ponderations* '((180 300 -30 0 60 270 )(210 -120 -90 60 210 -30)))	(defvar *parameters* '((-300 -300 60 -120 )(-210 120 270 -30)))	(defvar *peso* 90)							0.6078431372549019
(defvar *ponderations* '((270 120 -60 -270 60 30 )(120 -60 -90 -300 180 -270)))	(defvar *parameters* '((180 -210 0 -120 )(300 240 120 -30)))	(defvar *peso* 180)							0.696078431372549
(defvar *ponderations* '((-300 -300 150 30 -90 240 )(-120 90 -180 0 -300 30)))	(defvar *parameters* '((270 -60 240 270 )(-300 0 180 0)))	(defvar *peso* 300)							0.5392156862745098
(defvar *ponderations* '((-210 -120 210 -150 270 -90 )(300 150 180 -210 120 120)))	(defvar *parameters* '((0 120 210 180 )(300 -150 0 120)))	(defvar *peso* 270)							0.5833333333333334
(defvar *ponderations* '((-90 -120 -90 -90 90 270 )(270 -90 30 -180 300 120)))	(defvar *parameters* '((210 210 0 30 )(-240 -120 30 0)))	(defvar *peso* 210)							0.5833333333333334
(defvar *ponderations* '((180 -90 -150 -210 -150 30 )(-150 30 270 210 -60 270)))	(defvar *parameters* '((-300 180 150 -90 )(270 -240 240 -270)))	(defvar *peso* 30)							0.6299019607843137
(defvar *ponderations* '((-300 210 -210 60 -270 -180 )(-240 270 120 -30 -90 60)))	(defvar *parameters* '((210 210 -120 300 )(180 -120 -150 120)))	(defvar *peso* 60)							0.5049019607843137
(defvar *ponderations* '((-30 -60 -300 -60 270 90 )(-30 -30 120 -60 240 -120)))	(defvar *parameters* '((-90 0 -240 240 )(-240 270 90 -120)))	(defvar *peso* 300)							0.5637254901960784
(defvar *ponderations* '((150 -270 60 150 60 180 )(150 -120 210 -30 -210 -150)))	(defvar *parameters* '((-300 240 0 -300 )(-120 0 -180 -90)))	(defvar *peso* 120)							0.5857843137254902
(defvar *ponderations* '((30 -180 -180 -120 150 270 )(-150 -90 -240 -180 -270 -90)))	(defvar *parameters* '((270 210 150 -90 )(180 180 120 -60)))	(defvar *peso* 240)							0.5098039215686274
(defvar *ponderations* '((300 30 -120 -60 60 300 )(-30 -60 300 -30 -240 -270)))	(defvar *parameters* '((60 30 -120 -210 )(120 -270 -180 -30)))	(defvar *peso* 300)							0.5759803921568627
