(defvar *ponderations* '((-120 210 -60 -150 210 -210 )(270 300 -150 -180 -210 240)))	(defvar *parameters* '((-150 270 60 210 )(-240 -210 -270 -300)))	(defvar *peso* 30)							0.7941176470588235
(defvar *ponderations* '((-270 -300 60 150 180 240 )(180 -180 -210 -270 -240 150)))	(defvar *parameters* '((-240 -120 -180 240 )(-210 210 30 60)))	(defvar *peso* 90)							0.8333333333333334
(defvar *ponderations* '((-270 0 -30 150 90 -120 )(-240 210 240 -300 -270 180)))	(defvar *parameters* '((-270 -30 -240 -30 )(-90 90 -60 -210)))	(defvar *peso* 270)							0.8333333333333334
(defvar *ponderations* '((180 -180 210 -180 150 -30 )(240 120 -210 -30 0 -210)))	(defvar *parameters* '((-240 -150 240 30 )(-240 150 -150 60)))	(defvar *peso* 30)							0.8259803921568627
(defvar *ponderations* '((-60 120 -60 210 240 -150 )(30 150 -270 150 -270 -300)))	(defvar *parameters* '((60 60 240 120 )(240 -240 30 270)))	(defvar *peso* 30)							0.7745098039215687
(defvar *ponderations* '((90 -270 -30 270 -150 30 )(60 270 -300 90 -90 240)))	(defvar *parameters* '((-180 180 -60 270 )(-180 0 -60 -180)))	(defvar *peso* 210)							0.8063725490196079
(defvar *ponderations* '((240 -180 -270 180 -150 240 )(-240 120 270 -210 -270 -300)))	(defvar *parameters* '((-300 270 60 -150 )(150 -60 270 -270)))	(defvar *peso* 240)							0.7598039215686274
(defvar *ponderations* '((270 240 -240 -120 -300 -180 )(270 120 -60 -210 -240 -120)))	(defvar *parameters* '((180 -60 90 150 )(150 30 30 -60)))	(defvar *peso* 150)							0.8357843137254902
(defvar *ponderations* '((180 90 -180 -150 -120 -180 )(30 30 60 -30 -240 120)))	(defvar *parameters* '((-300 180 300 -240 )(-210 -210 -210 270)))	(defvar *peso* 120)							0.7549019607843137
(defvar *ponderations* '((30 240 30 -150 -180 -150 )(150 30 -60 -180 300 90)))	(defvar *parameters* '((60 180 -30 300 )(270 30 -30 -270)))	(defvar *peso* 300)							0.7549019607843137
(defvar *ponderations* '((240 -120 -240 -240 300 -120 )(150 60 -180 180 -270 -300)))	(defvar *parameters* '((180 150 -240 210 )(-120 -180 -120 -90)))	(defvar *peso* 60)							0.7647058823529411
(defvar *ponderations* '((-210 300 270 270 240 210 )(120 -210 180 -120 -210 -120)))	(defvar *parameters* '((-90 30 -240 240 )(120 -180 300 -60)))	(defvar *peso* 210)							0.8137254901960784
(defvar *ponderations* '((300 270 -240 0 -150 -270 )(-30 -150 -60 -300 -210 60)))	(defvar *parameters* '((-120 -150 -90 0 )(150 210 150 -90)))	(defvar *peso* 180)							0.8480392156862745
(defvar *ponderations* '((-30 300 240 -210 240 -30 )(210 120 240 -240 30 90)))	(defvar *parameters* '((-30 -30 -300 240 )(-120 -30 30 -120)))	(defvar *peso* 210)							0.7965686274509803
(defvar *ponderations* '((-30 -210 -210 210 90 -120 )(210 270 -180 -120 -60 -120)))	(defvar *parameters* '((-30 150 -30 150 )(30 -240 -300 -240)))	(defvar *peso* 180)							0.8382352941176471
(defvar *ponderations* '((-180 -90 -30 0 -60 -150 )(90 -30 60 0 -150 -210)))	(defvar *parameters* '((-90 150 -30 270 )(-30 -180 210 -240)))	(defvar *peso* 300)							0.8382352941176471
(defvar *ponderations* '((-210 -150 240 210 30 -60 )(180 30 -180 -30 30 0)))	(defvar *parameters* '((-270 300 270 180 )(30 60 -210 -30)))	(defvar *peso* 0)							0.8455882352941176
(defvar *ponderations* '((-240 -210 -210 300 300 30 )(90 -120 300 240 -210 0)))	(defvar *parameters* '((-180 -60 300 300 )(0 270 300 -300)))	(defvar *peso* 30)							0.8014705882352942
(defvar *ponderations* '((90 270 270 60 -60 150 )(150 300 -150 120 0 90)))	(defvar *parameters* '((-90 120 0 300 )(-180 -300 300 -300)))	(defvar *peso* 90)							0.803921568627451
(defvar *ponderations* '((30 150 90 -270 -300 30 )(60 30 180 60 -90 -90)))	(defvar *parameters* '((60 180 -90 210 )(-150 -150 -240 -240)))	(defvar *peso* 30)							0.7696078431372549
(defvar *ponderations* '((150 270 270 120 180 270 )(-90 150 120 -60 -300 -90)))	(defvar *parameters* '((-270 -150 180 240 )(210 -210 60 0)))	(defvar *peso* 120)							0.8382352941176471
(defvar *ponderations* '((-180 -150 0 -300 300 -210 )(0 30 -300 -300 -240 180)))	(defvar *parameters* '((0 60 -240 120 )(180 -60 270 210)))	(defvar *peso* 120)							0.7598039215686274
(defvar *ponderations* '((210 -300 0 -240 -150 120 )(240 270 -120 -210 0 -270)))	(defvar *parameters* '((-270 300 120 90 )(-60 -300 30 240)))	(defvar *peso* 180)							0.8137254901960784
(defvar *ponderations* '((30 60 -270 -60 -90 270 )(90 60 270 -60 -270 210)))	(defvar *parameters* '((-30 150 -30 -150 )(90 60 210 -90)))	(defvar *peso* 30)							0.7745098039215687
(defvar *ponderations* '((120 180 210 90 300 -90 )(300 -180 -30 -30 -270 300)))	(defvar *parameters* '((-300 -300 180 180 )(-300 -30 120 90)))	(defvar *peso* 90)							0.8137254901960784
(defvar *ponderations* '((120 -240 120 -120 210 0 )(90 0 -90 -180 0 -300)))	(defvar *parameters* '((-60 -90 60 120 )(150 -30 120 -210)))	(defvar *peso* 300)							0.8308823529411765
(defvar *ponderations* '((-270 180 0 30 30 -180 )(210 0 -210 -60 -30 -180)))	(defvar *parameters* '((-270 -60 0 180 )(120 60 150 90)))	(defvar *peso* 90)							0.7892156862745098
(defvar *ponderations* '((60 -240 -60 150 -150 0 )(-120 150 30 -300 90 210)))	(defvar *parameters* '((-210 -60 -150 210 )(0 -180 -240 -120)))	(defvar *peso* 180)							0.7524509803921569
(defvar *ponderations* '((0 -90 300 -120 0 150 )(240 30 -120 -300 -150 -120)))	(defvar *parameters* '((120 120 -120 90 )(-240 -210 30 120)))	(defvar *peso* 60)							0.8186274509803921
(defvar *ponderations* '((-30 -30 210 -210 90 120 )(30 30 120 240 -270 -30)))	(defvar *parameters* '((-300 -150 60 30 )(180 240 -120 -240)))	(defvar *peso* 30)							0.7671568627450981
(defvar *ponderations* '((180 -150 -30 240 -60 -180 )(90 180 270 0 -240 -30)))	(defvar *parameters* '((-150 -60 0 30 )(180 -180 180 60)))	(defvar *peso* 150)							0.7990196078431373
(defvar *ponderations* '((-300 270 -270 -270 -270 240 )(240 90 -30 -180 -300 -30)))	(defvar *parameters* '((-120 -120 30 -300 )(-150 60 210 -120)))	(defvar *peso* 270)							0.7892156862745098
(defvar *ponderations* '((-240 120 -120 -120 270 -180 )(90 -60 -270 -180 -270 -300)))	(defvar *parameters* '((-240 -150 240 240 )(300 60 90 240)))	(defvar *peso* 60)							0.8088235294117647
(defvar *ponderations* '((90 -210 -270 -150 30 -30 )(210 120 270 -60 -210 300)))	(defvar *parameters* '((150 -180 150 180 )(-120 -180 -180 -300)))	(defvar *peso* 180)							0.7892156862745098
(defvar *ponderations* '((0 30 60 270 90 -90 )(60 0 180 -240 120 -30)))	(defvar *parameters* '((-120 -150 90 240 )(-30 -30 240 -300)))	(defvar *peso* 210)							0.7769607843137255
(defvar *ponderations* '((-120 180 0 30 300 -240 )(-240 180 180 -90 -150 120)))	(defvar *parameters* '((-150 -180 210 300 )(-60 300 90 -270)))	(defvar *peso* 300)							0.8063725490196079
(defvar *ponderations* '((-270 -120 -240 270 -210 240 )(120 210 180 90 30 -120)))	(defvar *parameters* '((-180 90 -300 180 )(300 120 180 -270)))	(defvar *peso* 60)							0.8431372549019608
(defvar *ponderations* '((60 150 -120 300 180 0 )(210 240 -60 -120 150 300)))	(defvar *parameters* '((-210 30 -180 180 )(210 240 150 -60)))	(defvar *peso* 300)							0.7720588235294118
(defvar *ponderations* '((-180 -60 -120 300 -120 150 )(-180 210 90 -60 -300 -270)))	(defvar *parameters* '((-300 0 60 150 )(-150 -270 -60 30)))	(defvar *peso* 240)							0.7769607843137255
(defvar *ponderations* '((240 -60 210 -30 180 -300 )(120 180 210 -210 -210 180)))	(defvar *parameters* '((-90 270 300 120 )(-240 180 -180 90)))	(defvar *peso* 60)							0.8382352941176471
(defvar *ponderations* '((90 -240 60 -60 30 150 )(60 300 -300 -30 -210 30)))	(defvar *parameters* '((-60 300 -30 120 )(120 60 -90 -270)))	(defvar *peso* 210)							0.7941176470588235
(defvar *ponderations* '((210 180 -60 240 300 240 )(180 300 270 30 90 270)))	(defvar *parameters* '((-90 270 -270 0 )(-60 0 150 0)))	(defvar *peso* 120)							0.7573529411764706
(defvar *ponderations* '((150 210 -60 300 -240 -180 )(180 300 -240 300 -90 -60)))	(defvar *parameters* '((150 180 300 300 )(-240 -120 150 -300)))	(defvar *peso* 180)							0.7818627450980392
(defvar *ponderations* '((-240 -300 240 -240 90 -90 )(120 30 -30 -150 -180 210)))	(defvar *parameters* '((-240 -120 -150 300 )(60 60 0 -210)))	(defvar *peso* 60)							0.8186274509803921
(defvar *ponderations* '((-60 240 -150 60 240 -300 )(-120 -30 -300 -210 -30 60)))	(defvar *parameters* '((-210 -90 270 60 )(-120 -120 -210 -270)))	(defvar *peso* 210)							0.7745098039215687
(defvar *ponderations* '((-240 210 120 150 -300 180 )(270 300 90 -180 -270 240)))	(defvar *parameters* '((240 30 -60 -240 )(-300 150 90 -90)))	(defvar *peso* 180)							0.8455882352941176
(defvar *ponderations* '((150 -120 270 0 0 -150 )(-90 60 -300 -60 -300 -30)))	(defvar *parameters* '((-150 -30 240 60 )(90 270 60 30)))	(defvar *peso* 30)							0.7549019607843137
(defvar *ponderations* '((210 90 -120 150 0 -240 )(300 0 180 -150 -270 210)))	(defvar *parameters* '((30 -120 -90 -60 )(-150 -150 -30 90)))	(defvar *peso* 210)							0.8161764705882353
(defvar *ponderations* '((60 30 120 240 -300 -150 )(-120 -60 -120 30 -300 0)))	(defvar *parameters* '((60 120 90 -60 )(-120 150 270 -180)))	(defvar *peso* 180)							0.7549019607843137
(defvar *ponderations* '((120 60 180 150 -90 -120 )(240 -60 -60 -300 -180 60)))	(defvar *parameters* '((-60 240 60 0 )(-180 -60 90 210)))	(defvar *peso* 270)							0.8235294117647058
(defvar *ponderations* '((180 -60 0 -60 -210 240 )(270 90 90 -120 -150 150)))	(defvar *parameters* '((-30 -30 -240 60 )(0 -180 -90 -60)))	(defvar *peso* 150)							0.8406862745098039
(defvar *ponderations* '((30 -90 180 -30 60 120 )(60 60 210 -30 -150 180)))	(defvar *parameters* '((-240 -150 -30 270 )(300 -270 -300 60)))	(defvar *peso* 120)							0.821078431372549
(defvar *ponderations* '((-30 120 -240 210 210 300 )(-30 210 240 0 -30 -150)))	(defvar *parameters* '((-300 -180 240 120 )(60 -270 -120 30)))	(defvar *peso* 150)							0.7573529411764706
(defvar *ponderations* '((210 -60 300 -210 -180 -240 )(-90 -180 120 -240 -30 60)))	(defvar *parameters* '((-120 120 270 300 )(-90 -240 270 -210)))	(defvar *peso* 240)							0.7916666666666666
(defvar *ponderations* '((-210 150 0 -270 120 -180 )(180 -30 180 270 -210 -270)))	(defvar *parameters* '((-300 -270 300 60 )(-60 -30 -120 -300)))	(defvar *peso* 0)							0.8382352941176471
(defvar *ponderations* '((180 180 -150 90 -120 30 )(120 -210 0 -300 -300 300)))	(defvar *parameters* '((210 30 210 -180 )(120 -120 60 -240)))	(defvar *peso* 120)							0.803921568627451
(defvar *ponderations* '((60 -30 -150 -30 -150 30 )(150 -60 90 -120 -150 120)))	(defvar *parameters* '((-90 270 0 30 )(210 -210 150 0)))	(defvar *peso* 180)							0.7892156862745098
(defvar *ponderations* '((-270 240 270 240 -60 60 )(90 210 -210 -300 -90 240)))	(defvar *parameters* '((-30 -60 120 210 )(-300 300 -240 -240)))	(defvar *peso* 120)							0.7598039215686274
(defvar *ponderations* '((-90 30 30 30 120 -90 )(-30 300 -270 -150 30 -300)))	(defvar *parameters* '((-180 30 270 300 )(-240 -120 180 -120)))	(defvar *peso* 120)							0.8088235294117647
(defvar *ponderations* '((270 -180 210 0 120 -180 )(60 60 -90 -240 300 -180)))	(defvar *parameters* '((-30 0 300 300 )(30 -240 -120 -270)))	(defvar *peso* 210)							0.7598039215686274
(defvar *ponderations* '((-300 210 -30 -30 -180 60 )(240 270 -30 -90 -180 0)))	(defvar *parameters* '((-60 -270 240 -150 )(150 -240 -270 -60)))	(defvar *peso* 270)							0.7622549019607843
(defvar *ponderations* '((-150 180 -240 90 300 -150 )(-270 -240 -270 -30 -180 30)))	(defvar *parameters* '((-270 210 300 60 )(-60 -180 270 -90)))	(defvar *peso* 150)							0.8137254901960784
(defvar *ponderations* '((-270 30 180 -180 -300 210 )(90 -60 90 -240 -240 90)))	(defvar *parameters* '((120 300 0 90 )(-300 -30 60 -120)))	(defvar *peso* 150)							0.8480392156862745
(defvar *ponderations* '((-240 -150 0 150 30 -120 )(-150 -120 30 -210 -300 210)))	(defvar *parameters* '((120 -150 -300 210 )(-120 -150 270 -240)))	(defvar *peso* 210)							0.8235294117647058
(defvar *ponderations* '((240 -150 300 210 150 -120 )(180 150 -120 -240 120 -210)))	(defvar *parameters* '((-30 270 90 120 )(270 -150 -120 -300)))	(defvar *peso* 60)							0.7990196078431373
(defvar *ponderations* '((-150 -90 300 -270 -210 -300 )(150 -180 -90 210 -210 -180)))	(defvar *parameters* '((-150 -210 120 120 )(300 -300 300 -240)))	(defvar *peso* 180)							0.8088235294117647
(defvar *ponderations* '((60 -240 -270 -210 -30 270 )(-180 -90 -90 -150 -30 -240)))	(defvar *parameters* '((-150 0 -60 210 )(-60 120 30 -60)))	(defvar *peso* 120)							0.7867647058823529
(defvar *ponderations* '((150 -150 270 150 -270 120 )(0 -60 240 -30 -180 300)))	(defvar *parameters* '((-60 -150 -270 180 )(30 -60 120 210)))	(defvar *peso* 180)							0.7524509803921569
(defvar *ponderations* '((90 -90 90 -120 240 60 )(270 120 300 -240 150 -30)))	(defvar *parameters* '((30 60 -210 180 )(180 60 -300 -300)))	(defvar *peso* 270)							0.7867647058823529
(defvar *ponderations* '((120 -60 -180 -150 120 120 )(30 210 120 -180 -270 300)))	(defvar *parameters* '((-90 60 -150 180 )(-210 150 -240 270)))	(defvar *peso* 210)							0.7622549019607843
(defvar *ponderations* '((-30 -270 210 270 -180 0 )(0 300 210 -60 -270 -240)))	(defvar *parameters* '((-120 -120 -180 180 )(240 -270 120 -90)))	(defvar *peso* 300)							0.7892156862745098
(defvar *ponderations* '((-180 -30 60 90 180 300 )(90 300 300 -120 -150 60)))	(defvar *parameters* '((0 0 -180 90 )(210 180 -240 -270)))	(defvar *peso* 0)							0.7696078431372549
