(defvar *ponderations* '((270 30 0 -60 -90 180 )(-90 210 -120 -150 -300 -150)))	(defvar *parameters* '((-120 120 -150 150 )(-90 30 120 30)))	(defvar *peso* 210)							0.8627450980392157
(defvar *ponderations* '((120 240 -180 -270 60 150 )(150 -30 -210 -240 90 -210)))	(defvar *parameters* '((-180 -270 -180 150 )(-210 0 270 -240)))	(defvar *peso* 90)							0.8700980392156863
(defvar *ponderations* '((-60 210 60 120 210 240 )(30 180 150 0 -270 240)))	(defvar *parameters* '((-150 -60 180 0 )(-90 -240 -120 -180)))	(defvar *peso* 150)							0.8823529411764706
(defvar *ponderations* '((120 210 -90 -120 150 0 )(-150 -60 120 60 -270 270)))	(defvar *parameters* '((-120 180 30 0 )(-180 -60 -150 -150)))	(defvar *peso* 150)							0.8700980392156863
(defvar *ponderations* '((-120 -210 -120 0 -120 -300 )(180 150 -210 -270 -300 -150)))	(defvar *parameters* '((210 210 210 240 )(270 150 -150 -210)))	(defvar *peso* 120)							0.8578431372549019
(defvar *ponderations* '((90 -30 -180 180 0 300 )(300 -90 -270 -210 -150 -270)))	(defvar *parameters* '((-90 120 90 180 )(150 60 -120 -300)))	(defvar *peso* 210)							0.8504901960784313
(defvar *ponderations* '((210 210 -120 210 180 30 )(270 120 240 30 -120 -150)))	(defvar *parameters* '((-300 240 -270 210 )(-120 120 -180 -210)))	(defvar *peso* 180)							0.8897058823529411
(defvar *ponderations* '((-120 300 -150 300 150 0 )(-30 120 240 -210 -270 120)))	(defvar *parameters* '((-300 90 300 30 )(0 270 270 -60)))	(defvar *peso* 240)							0.875
(defvar *ponderations* '((60 210 -270 300 120 90 )(270 30 210 -150 210 -150)))	(defvar *parameters* '((-300 120 60 180 )(180 30 30 -270)))	(defvar *peso* 180)							0.8897058823529411
(defvar *ponderations* '((270 210 60 -300 30 -30 )(90 210 120 210 -180 -240)))	(defvar *parameters* '((-180 0 180 -30 )(30 30 -210 -120)))	(defvar *peso* 120)							0.8995098039215687
(defvar *ponderations* '((240 -180 -90 120 -270 90 )(300 240 -150 -60 -270 -30)))	(defvar *parameters* '((-210 -30 60 0 )(-30 90 -210 -120)))	(defvar *peso* 270)							0.8848039215686274
(defvar *ponderations* '((-30 30 -210 0 -120 -240 )(120 240 -60 -90 -210 -30)))	(defvar *parameters* '((-300 210 0 150 )(-240 90 -270 -150)))	(defvar *peso* 60)							0.8897058823529411
(defvar *ponderations* '((0 -270 210 300 60 90 )(240 60 210 120 -240 -300)))	(defvar *parameters* '((-240 120 30 0 )(-30 90 90 -90)))	(defvar *peso* 120)							0.8774509803921569
(defvar *ponderations* '((90 60 300 -210 -30 -60 )(30 210 -60 -270 -120 -180)))	(defvar *parameters* '((-300 240 30 120 )(-90 300 -60 120)))	(defvar *peso* 210)							0.8529411764705882
(defvar *ponderations* '((-210 210 -240 180 -120 0 )(0 60 -180 -210 180 -270)))	(defvar *parameters* '((-90 0 180 60 )(0 270 300 -150)))	(defvar *peso* 90)							0.8651960784313726
(defvar *ponderations* '((-120 270 -30 -150 -90 -270 )(300 150 210 -210 -300 30)))	(defvar *parameters* '((-180 60 120 -60 )(-240 240 300 30)))	(defvar *peso* 150)							0.8578431372549019
(defvar *ponderations* '((-210 240 180 60 270 -120 )(150 -90 -30 -300 -300 -150)))	(defvar *parameters* '((-270 30 -270 150 )(-210 -60 0 -270)))	(defvar *peso* 300)							0.8799019607843137
(defvar *ponderations* '((300 -60 0 -120 60 -90 )(240 90 120 30 -210 -240)))	(defvar *parameters* '((-150 -180 -120 -90 )(120 -150 150 -210)))	(defvar *peso* 150)							0.8676470588235294
(defvar *ponderations* '((300 270 -30 -150 -270 120 )(0 150 0 -150 -270 -240)))	(defvar *parameters* '((-210 180 240 0 )(-120 0 -210 -300)))	(defvar *peso* 90)							0.8799019607843137
(defvar *ponderations* '((-30 -210 60 0 -300 -300 )(90 -60 -150 -60 -300 -90)))	(defvar *parameters* '((-270 -120 30 -30 )(-300 -60 150 -240)))	(defvar *peso* 0)							0.8848039215686274
(defvar *ponderations* '((270 -120 -120 -60 120 -120 )(210 0 -270 -180 -300 -60)))	(defvar *parameters* '((30 180 240 0 )(-120 210 90 -30)))	(defvar *peso* 240)							0.928921568627451
(defvar *ponderations* '((150 150 120 60 -210 -240 )(150 -30 120 -60 -120 240)))	(defvar *parameters* '((-210 60 270 30 )(300 90 0 -180)))	(defvar *peso* 270)							0.9019607843137255
(defvar *ponderations* '((-120 150 -30 300 0 -180 )(-120 270 -150 -90 -180 -150)))	(defvar *parameters* '((-210 90 30 300 )(210 270 -300 -60)))	(defvar *peso* 210)							0.8651960784313726
(defvar *ponderations* '((0 60 180 240 150 60 )(-210 90 0 -300 -300 -150)))	(defvar *parameters* '((-180 -90 210 270 )(180 -90 210 -150)))	(defvar *peso* 90)							0.8578431372549019
(defvar *ponderations* '((-120 300 300 -210 -120 270 )(270 240 120 300 -240 -90)))	(defvar *parameters* '((-270 240 0 90 )(-30 30 300 -120)))	(defvar *peso* 180)							0.8774509803921569
(defvar *ponderations* '((-30 120 240 240 -270 -240 )(-210 300 60 -240 -240 -60)))	(defvar *parameters* '((-240 60 -30 210 )(30 -210 90 -210)))	(defvar *peso* 240)							0.8823529411764706
(defvar *ponderations* '((0 120 30 0 150 -150 )(0 210 30 -90 -60 -300)))	(defvar *parameters* '((-120 270 -270 150 )(-90 -210 -270 -180)))	(defvar *peso* 60)							0.875
(defvar *ponderations* '((0 -210 -30 30 -210 -240 )(-210 -150 150 -210 -270 60)))	(defvar *parameters* '((-240 -30 -210 240 )(150 90 -30 -120)))	(defvar *peso* 300)							0.8504901960784313
(defvar *ponderations* '((240 60 270 0 -90 -300 )(300 210 -120 -90 -270 -60)))	(defvar *parameters* '((-30 120 -270 270 )(-60 240 240 -210)))	(defvar *peso* 180)							0.8651960784313726
(defvar *ponderations* '((240 90 -120 -90 240 30 )(-30 30 120 -210 -240 -180)))	(defvar *parameters* '((-180 210 -180 -30 )(-240 0 300 120)))	(defvar *peso* 270)							0.8627450980392157
(defvar *ponderations* '((-240 120 -90 180 -300 210 )(300 270 0 -270 -150 -210)))	(defvar *parameters* '((-60 -270 300 270 )(0 -150 -210 -180)))	(defvar *peso* 240)							0.8725490196078431
(defvar *ponderations* '((90 -120 90 240 240 -210 )(0 -30 90 -30 -240 -30)))	(defvar *parameters* '((-270 30 210 60 )(-90 120 90 0)))	(defvar *peso* 240)							0.8627450980392157
(defvar *ponderations* '((270 -180 270 -150 120 150 )(270 -90 -210 -300 -270 300)))	(defvar *parameters* '((-180 60 -30 60 )(150 -30 -210 90)))	(defvar *peso* 210)							0.8897058823529411
(defvar *ponderations* '((300 0 -60 30 150 60 )(120 150 -240 90 -300 120)))	(defvar *parameters* '((-120 270 -180 150 )(-180 300 150 -240)))	(defvar *peso* 270)							0.8651960784313726
(defvar *ponderations* '((210 60 -90 180 180 300 )(210 210 -90 -270 -240 90)))	(defvar *parameters* '((-180 -150 180 240 )(-90 -270 -60 -210)))	(defvar *peso* 240)							0.8578431372549019
(defvar *ponderations* '((-90 180 -30 150 -270 -90 )(120 30 30 -90 -150 -120)))	(defvar *parameters* '((-240 -120 150 90 )(60 -60 0 -60)))	(defvar *peso* 120)							0.9215686274509803
(defvar *ponderations* '((150 -30 -60 180 -210 -60 )(60 120 60 120 -60 -240)))	(defvar *parameters* '((-300 300 240 30 )(-270 -300 300 210)))	(defvar *peso* 0)							0.9044117647058824
(defvar *ponderations* '((30 -270 300 -180 120 -270 )(90 90 150 90 -30 -300)))	(defvar *parameters* '((-240 300 -300 180 )(210 90 -60 -120)))	(defvar *peso* 90)							0.8529411764705882
(defvar *ponderations* '((0 -120 -210 -180 0 120 )(120 -90 -90 -210 -120 -270)))	(defvar *parameters* '((-120 -30 180 30 )(-300 0 -180 -90)))	(defvar *peso* 120)							0.8897058823529411
(defvar *ponderations* '((-60 300 240 -120 300 -120 )(-60 270 240 -300 -180 -210)))	(defvar *parameters* '((-240 150 240 150 )(30 -210 300 -120)))	(defvar *peso* 270)							0.8872549019607843
(defvar *ponderations* '((150 -120 -150 180 -120 300 )(270 210 240 0 -60 300)))	(defvar *parameters* '((240 300 -90 210 )(0 270 30 -120)))	(defvar *peso* 180)							0.8627450980392157
(defvar *ponderations* '((-150 -180 180 -90 90 270 )(300 120 90 -60 30 -300)))	(defvar *parameters* '((0 -120 300 270 )(-90 -210 30 -300)))	(defvar *peso* 150)							0.8602941176470589
(defvar *ponderations* '((120 -30 210 -300 -90 0 )(180 60 -270 -180 -300 -270)))	(defvar *parameters* '((60 -210 120 90 )(30 90 -90 -150)))	(defvar *peso* 90)							0.8921568627450981
(defvar *ponderations* '((270 -270 60 -210 210 210 )(180 0 -300 -90 -300 30)))	(defvar *parameters* '((-240 30 120 60 )(-300 60 -180 -90)))	(defvar *peso* 270)							0.8848039215686274
(defvar *ponderations* '((-120 -150 300 -30 90 -30 )(30 0 60 -90 -270 270)))	(defvar *parameters* '((-270 300 -240 30 )(240 90 -270 60)))	(defvar *peso* 180)							0.8700980392156863
(defvar *ponderations* '((-30 240 210 120 270 -120 )(210 -30 -90 60 60 60)))	(defvar *parameters* '((-30 30 300 180 )(180 210 30 -300)))	(defvar *peso* 120)							0.8602941176470589
(defvar *ponderations* '((60 180 300 -180 120 180 )(300 90 300 150 -150 -180)))	(defvar *parameters* '((-150 -120 180 150 )(-120 180 -120 -240)))	(defvar *peso* 180)							0.8823529411764706
(defvar *ponderations* '((-210 -30 150 -60 -90 270 )(240 30 -90 -270 -270 -240)))	(defvar *parameters* '((0 90 60 180 )(-240 60 90 -180)))	(defvar *peso* 270)							0.9044117647058824
(defvar *ponderations* '((-180 30 270 -270 -300 240 )(-60 150 180 -90 -120 -300)))	(defvar *parameters* '((-120 -150 -240 120 )(-180 210 300 -270)))	(defvar *peso* 30)							0.8799019607843137
(defvar *ponderations* '((240 -150 210 240 270 -270 )(-30 -30 90 -240 -150 300)))	(defvar *parameters* '((-240 150 30 120 )(90 -60 0 -120)))	(defvar *peso* 180)							0.9019607843137255
(defvar *ponderations* '((300 -300 -150 0 180 -60 )(-180 -60 -240 -270 -180 30)))	(defvar *parameters* '((-300 120 -120 120 )(90 -150 180 -120)))	(defvar *peso* 150)							0.8995098039215687
(defvar *ponderations* '((240 120 150 -300 300 30 )(240 300 -240 -150 -90 210)))	(defvar *parameters* '((-210 -150 240 120 )(30 -210 -300 -30)))	(defvar *peso* 240)							0.8627450980392157
(defvar *ponderations* '((-180 -270 60 240 -270 90 )(-240 -150 -180 -210 -210 180)))	(defvar *parameters* '((-300 -30 -180 90 )(210 -240 270 -30)))	(defvar *peso* 60)							0.8676470588235294
(defvar *ponderations* '((-240 30 240 120 -90 -240 )(240 30 -120 -120 -300 60)))	(defvar *parameters* '((-210 240 240 90 )(-180 -210 -90 60)))	(defvar *peso* 240)							0.8921568627450981
(defvar *ponderations* '((90 30 -90 300 300 210 )(210 180 -90 -90 -300 -90)))	(defvar *parameters* '((-300 120 300 120 )(-270 30 300 -120)))	(defvar *peso* 270)							0.9142156862745098
(defvar *ponderations* '((-90 -90 120 -150 90 -240 )(30 90 -210 -150 -150 -180)))	(defvar *parameters* '((-30 -180 270 270 )(-90 -150 -210 -180)))	(defvar *peso* 240)							0.8553921568627451
(defvar *ponderations* '((90 90 180 -180 -180 150 )(210 120 210 -180 -60 -270)))	(defvar *parameters* '((0 -240 240 180 )(90 210 -30 -270)))	(defvar *peso* 150)							0.8553921568627451
(defvar *ponderations* '((180 270 240 -120 -90 -180 )(300 240 -90 30 -210 -210)))	(defvar *parameters* '((-270 -240 -270 120 )(-30 -30 -60 90)))	(defvar *peso* 90)							0.8921568627450981
(defvar *ponderations* '((-60 -210 270 90 270 60 )(210 240 180 30 30 -60)))	(defvar *parameters* '((-150 -240 -60 90 )(-30 300 300 -150)))	(defvar *peso* 120)							0.8700980392156863
(defvar *ponderations* '((-90 -150 270 -30 90 -120 )(-180 210 150 -180 -180 -210)))	(defvar *parameters* '((-210 270 -90 60 )(30 -60 270 -30)))	(defvar *peso* 150)							0.8578431372549019
(defvar *ponderations* '((90 -120 120 90 -60 -240 )(270 210 -90 -30 -150 -120)))	(defvar *parameters* '((-120 -300 0 60 )(-60 120 -60 -240)))	(defvar *peso* 30)							0.8823529411764706
(defvar *ponderations* '((300 -300 -300 -270 -90 180 )(120 180 180 0 -300 60)))	(defvar *parameters* '((-270 150 -210 60 )(-210 120 240 -60)))	(defvar *peso* 120)							0.8848039215686274
(defvar *ponderations* '((150 0 -150 0 90 180 )(90 180 -180 -210 -270 -210)))	(defvar *parameters* '((-270 270 -300 30 )(-300 210 -120 90)))	(defvar *peso* 210)							0.8823529411764706
