(defvar *ponderations* '((210 120 -150 240 -120 -60 )(-90 -30 0 -210 -270 -90)))	(defvar *parameters* '((90 60 180 90 )(0 -150 60 -60)))	(defvar *peso* 180)							0.8602941176470589
(defvar *ponderations* '((150 -90 270 -60 -240 60 )(120 210 210 120 -60 -300)))	(defvar *parameters* '((-60 180 -120 60 )(150 -120 -60 -90)))	(defvar *peso* 60)							0.8799019607843137
(defvar *ponderations* '((-30 0 300 -180 240 150 )(120 240 -180 -180 -60 -210)))	(defvar *parameters* '((-120 0 -90 150 )(150 90 -120 -270)))	(defvar *peso* 0)							0.8602941176470589
(defvar *ponderations* '((-150 270 150 -120 90 120 )(180 150 -60 -270 -300 -240)))	(defvar *parameters* '((90 180 180 90 )(-300 -60 -210 -240)))	(defvar *peso* 210)							0.9264705882352942
(defvar *ponderations* '((-180 -300 180 60 210 240 )(60 30 -300 -300 -90 -210)))	(defvar *parameters* '((0 90 270 300 )(-30 -90 0 -270)))	(defvar *peso* 210)							0.8970588235294118
(defvar *ponderations* '((90 210 -120 60 -60 -120 )(300 300 270 -90 -300 270)))	(defvar *parameters* '((30 -180 -210 30 )(120 120 300 0)))	(defvar *peso* 240)							0.8799019607843137
(defvar *ponderations* '((0 150 150 300 210 -180 )(270 270 120 -180 -270 270)))	(defvar *parameters* '((-90 150 240 -90 )(180 150 -240 0)))	(defvar *peso* 90)							0.875
(defvar *ponderations* '((-30 60 300 60 120 30 )(240 60 -60 -30 -210 -60)))	(defvar *parameters* '((-300 -210 180 210 )(-180 -90 60 -300)))	(defvar *peso* 60)							0.8627450980392157
(defvar *ponderations* '((300 210 270 180 -30 210 )(90 30 -300 -270 -300 150)))	(defvar *parameters* '((-210 -90 300 -90 )(-240 -150 -180 180)))	(defvar *peso* 120)							0.8676470588235294
(defvar *ponderations* '((150 -240 240 -90 210 -60 )(270 150 0 -270 -180 -30)))	(defvar *parameters* '((-210 240 0 0 )(180 -30 180 150)))	(defvar *peso* 0)							0.8602941176470589
(defvar *ponderations* '((210 -240 0 270 -30 240 )(-30 210 -210 -120 -180 -300)))	(defvar *parameters* '((-300 -90 120 150 )(-90 120 30 -240)))	(defvar *peso* 150)							0.8872549019607843
(defvar *ponderations* '((-240 300 -180 -210 240 300 )(210 60 90 0 -240 240)))	(defvar *parameters* '((-60 90 270 -30 )(240 0 90 -150)))	(defvar *peso* 120)							0.8627450980392157
(defvar *ponderations* '((-270 300 -60 300 -270 240 )(150 -60 300 -180 -120 240)))	(defvar *parameters* '((30 180 150 0 )(30 -150 300 -240)))	(defvar *peso* 120)							0.8651960784313726
(defvar *ponderations* '((90 60 -180 -210 -300 -210 )(210 210 -30 90 -300 -210)))	(defvar *parameters* '((-270 180 90 150 )(60 0 240 -270)))	(defvar *peso* 270)							0.9142156862745098
(defvar *ponderations* '((30 0 -90 -270 -150 180 )(90 -60 60 -300 -180 -240)))	(defvar *parameters* '((-120 -90 300 60 )(-300 60 -30 -210)))	(defvar *peso* 150)							0.8651960784313726
(defvar *ponderations* '((150 -30 120 240 30 -150 )(180 150 -120 90 -120 -240)))	(defvar *parameters* '((0 120 -90 120 )(-60 -60 90 -150)))	(defvar *peso* 240)							0.8774509803921569
(defvar *ponderations* '((240 210 -60 120 -300 210 )(270 60 210 30 -150 -270)))	(defvar *parameters* '((-210 -240 270 60 )(150 240 -120 -90)))	(defvar *peso* 60)							0.8553921568627451
(defvar *ponderations* '((0 180 -30 90 90 -90 )(150 270 -90 30 -90 -180)))	(defvar *parameters* '((120 30 270 60 )(60 -30 30 -120)))	(defvar *peso* 120)							0.8921568627450981
(defvar *ponderations* '((-180 0 -30 240 -120 -30 )(-60 -90 150 -270 -210 60)))	(defvar *parameters* '((-210 240 -180 90 )(30 240 -60 -150)))	(defvar *peso* 120)							0.8700980392156863
