(defvar *ponderations* '((210 -270 -150 -270 120 -270 )(270 -30 -210 30 30 300)))	(defvar *parameters* '((-210 -210 -300 240 )(120 240 240 120)))	(defvar *peso* 210)							0.7230392156862745
(defvar *ponderations* '((240 -300 -210 210 -120 -150 )(-240 0 180 30 -180 300)))	(defvar *parameters* '((-150 270 240 30 )(300 -120 270 -150)))	(defvar *peso* 60)							0.8259803921568627
(defvar *ponderations* '((-30 -90 240 60 300 -30 )(90 -180 -30 -300 60 150)))	(defvar *parameters* '((-60 120 180 210 )(-180 180 -270 -180)))	(defvar *peso* 270)							0.75
(defvar *ponderations* '((30 -300 -30 270 -300 30 )(-90 -270 30 0 -60 -300)))	(defvar *parameters* '((-270 150 -120 240 )(-270 30 30 -210)))	(defvar *peso* 150)							0.7818627450980392
(defvar *ponderations* '((-60 60 -90 -60 120 -150 )(240 120 -300 -120 -240 -270)))	(defvar *parameters* '((-120 150 270 90 )(-300 0 -30 240)))	(defvar *peso* 60)							0.8333333333333334
(defvar *ponderations* '((-90 -180 -210 -300 -60 90 )(210 -30 -60 30 -210 150)))	(defvar *parameters* '((-150 -300 0 180 )(60 -90 -60 -60)))	(defvar *peso* 210)							0.7671568627450981
(defvar *ponderations* '((60 -180 120 -210 180 150 )(210 -90 -240 -120 -300 -150)))	(defvar *parameters* '((0 60 -120 270 )(-90 120 -90 210)))	(defvar *peso* 120)							0.7254901960784313
(defvar *ponderations* '((-30 -270 -120 -30 90 -270 )(-300 240 -120 0 -210 240)))	(defvar *parameters* '((30 240 300 120 )(210 210 60 60)))	(defvar *peso* 150)							0.7156862745098039
(defvar *ponderations* '((60 210 -240 -90 -150 180 )(120 270 60 0 -90 -60)))	(defvar *parameters* '((-240 240 150 0 )(-90 0 150 30)))	(defvar *peso* 120)							0.9166666666666666
(defvar *ponderations* '((120 210 -150 0 240 -120 )(90 0 -90 150 -90 -150)))	(defvar *parameters* '((60 120 0 120 )(-180 30 -150 -30)))	(defvar *peso* 30)							0.7622549019607843
(defvar *ponderations* '((-300 120 -120 180 150 60 )(240 180 -240 -120 30 210)))	(defvar *parameters* '((270 60 300 270 )(180 0 30 -270)))	(defvar *peso* 90)							0.7132352941176471
(defvar *ponderations* '((150 90 -150 -210 -240 -240 )(240 -180 -180 -300 -120 240)))	(defvar *parameters* '((0 120 -60 210 )(-30 -300 240 -300)))	(defvar *peso* 0)							0.7009803921568627
(defvar *ponderations* '((-210 240 60 -30 270 300 )(270 -240 0 -210 -300 0)))	(defvar *parameters* '((-60 120 300 90 )(-30 -30 210 0)))	(defvar *peso* 210)							0.7303921568627451
(defvar *ponderations* '((240 -150 -90 150 60 150 )(240 -150 -60 -120 -300 300)))	(defvar *parameters* '((90 -300 -240 -90 )(-270 -210 120 -90)))	(defvar *peso* 90)							0.7205882352941176
(defvar *ponderations* '((-60 -240 270 300 -60 180 )(-240 -240 -30 -300 240 -300)))	(defvar *parameters* '((-150 270 90 270 )(-90 -270 90 -60)))	(defvar *peso* 120)							0.7696078431372549
(defvar *ponderations* '((30 -150 30 0 180 -240 )(210 270 240 180 -210 60)))	(defvar *parameters* '((-180 -90 150 300 )(-240 0 90 -270)))	(defvar *peso* 240)							0.821078431372549
(defvar *ponderations* '((270 240 -210 90 -210 150 )(90 -210 150 -150 -240 -150)))	(defvar *parameters* '((-180 90 120 0 )(-90 150 -30 0)))	(defvar *peso* 240)							0.8700980392156863
(defvar *ponderations* '((-60 210 -240 150 -60 0 )(270 180 90 -90 120 -90)))	(defvar *parameters* '((120 30 150 300 )(-240 240 -120 -240)))	(defvar *peso* 210)							0.7598039215686274
(defvar *ponderations* '((240 -210 150 -240 -300 120 )(240 -300 -120 -120 0 -300)))	(defvar *parameters* '((-300 240 -210 60 )(-150 300 300 -300)))	(defvar *peso* 0)							0.7622549019607843
(defvar *ponderations* '((-270 0 -150 0 240 300 )(120 120 90 -120 -210 180)))	(defvar *parameters* '((-60 -150 -90 270 )(-120 150 60 180)))	(defvar *peso* 150)							0.7720588235294118
(defvar *ponderations* '((210 -30 -300 120 -120 -240 )(120 240 0 -210 -270 -180)))	(defvar *parameters* '((-30 30 -60 30 )(-90 120 240 -180)))	(defvar *peso* 300)							0.8921568627450981
(defvar *ponderations* '((150 30 -210 0 -30 0 )(270 30 -270 -240 -240 150)))	(defvar *parameters* '((-150 -300 150 60 )(-210 -180 60 -240)))	(defvar *peso* 210)							0.8382352941176471
