(defvar *ponderations* '((300 180 60 150 180 180 )(30 270 60 180 120 180)))
(defvar *parameters* '((270 270 180 180 )(180 270 30 60)))					0.555
(defvar *ponderations* '((90 180 120 210 180 30 )(90 210 210 180 210 60)))
(defvar *parameters* '((210 240 240 240 )(300 90 270 150)))					0.555
(defvar *ponderations* '((210 150 90 90 240 150 )(30 270 60 300 240 180)))
(defvar *parameters* '((270 60 210 240 )(150 270 180 240)))					0.555
(defvar *ponderations* '((120 120 210 60 240 30 )(150 270 60 240 30 210)))
(defvar *parameters* '((300 210 60 210 )(90 210 270 30)))					0.57
(defvar *ponderations* '((300 210 120 30 300 150 )(120 90 120 300 120 240)))
(defvar *parameters* '((90 90 90 300 )(300 270 120 180)))					0.595
(defvar *ponderations* '((300 270 300 300 60 270 )(300 120 180 270 60 240)))
(defvar *parameters* '((120 180 60 120 )(180 90 30 120)))					0.555
