(defvar *ponderations* '((240 -150 0 240 300 -240 )(150 300 60 0 -240 -120)))	(defvar *peso* 0)							0.8063725490196079
(defvar *ponderations* '((120 30 -300 60 270 -240 )(30 -150 -60 -240 0 -270)))	(defvar *peso* 60)							0.803921568627451
(defvar *ponderations* '((240 -270 180 120 180 150 )(120 -90 120 60 -60 210)))	(defvar *peso* 60)							0.7549019607843137
(defvar *ponderations* '((-180 -270 -90 -30 150 60 )(150 120 -120 -90 -180 -300)))	(defvar *peso* 60)							0.8455882352941176
(defvar *ponderations* '((-30 60 -180 300 -120 -210 )(-210 240 240 -240 -270 210)))	(defvar *peso* 210)							0.7647058823529411
(defvar *ponderations* '((120 150 210 90 -210 -90 )(-150 90 60 -240 -240 -180)))	(defvar *peso* 180)							0.7818627450980392
(defvar *ponderations* '((-90 -270 -210 150 0 120 )(270 120 180 -150 -210 -240)))	(defvar *peso* 90)							0.7941176470588235
(defvar *ponderations* '((30 -270 150 -30 -180 -270 )(270 120 240 180 -90 -210)))	(defvar *peso* 60)							0.7818627450980392
(defvar *ponderations* '((300 -90 180 60 30 120 )(-30 240 150 90 -300 240)))	(defvar *peso* 60)							0.7867647058823529
(defvar *ponderations* '((-120 90 120 180 60 -150 )(210 300 60 -90 -210 210)))	(defvar *peso* 240)							0.8480392156862745
(defvar *ponderations* '((150 300 180 -90 150 -180 )(-90 150 0 -270 -240 150)))	(defvar *peso* 300)							0.7941176470588235
(defvar *ponderations* '((90 30 -90 30 -210 210 )(270 60 60 -60 -120 210)))	(defvar *peso* 120)							0.8088235294117647
(defvar *ponderations* '((150 300 210 30 180 270 )(-30 -90 30 -30 240 -270)))	(defvar *peso* 90)							0.7647058823529411
(defvar *ponderations* '((150 -240 210 0 60 -120 )(120 0 -30 -120 -90 0)))	(defvar *peso* 90)							0.7720588235294118
(defvar *ponderations* '((240 0 -60 180 -90 210 )(60 270 -90 0 -180 270)))	(defvar *peso* 30)							0.7671568627450981
