(defvar *ponderations* '((-120 270 0 90 270 210 )(300 300 300 -180 -30 -150)))	(defvar *peso* 30)							0.8627450980392157
(defvar *ponderations* '((180 240 -270 -240 120 120 )(-60 -30 60 -30 -180 150)))	(defvar *peso* 90)							0.8774509803921569
(defvar *ponderations* '((90 300 -180 180 -210 150 )(210 -60 -150 -120 -240 -270)))	(defvar *peso* 120)							0.946078431372549
(defvar *ponderations* '((150 -60 -270 120 90 -210 )(-60 180 0 -300 -270 -240)))	(defvar *peso* 30)							0.8553921568627451
(defvar *ponderations* '((-180 -30 90 -210 -240 -300 )(300 0 210 0 -180 -300)))	(defvar *peso* 60)							0.8995098039215687
(defvar *ponderations* '((90 -240 -270 -210 -90 60 )(90 90 -180 -90 -180 60)))	(defvar *peso* 30)							0.8529411764705882
(defvar *ponderations* '((60 150 -60 30 -210 -210 )(60 -30 -120 -240 -270 60)))	(defvar *peso* 180)							0.9019607843137255
(defvar *ponderations* '((240 120 -30 120 120 240 )(300 150 -30 -180 -300 180)))	(defvar *peso* 180)							0.9166666666666666
(defvar *ponderations* '((120 90 180 210 -300 -300 )(240 300 120 -60 -210 -120)))	(defvar *peso* 60)							0.9240196078431373
(defvar *ponderations* '((-60 60 210 240 120 -60 )(0 150 -30 -150 -150 -30)))	(defvar *peso* 30)							0.8602941176470589
(defvar *ponderations* '((180 150 150 -240 -120 -240 )(300 270 -240 -180 -210 300)))	(defvar *peso* 60)							0.8799019607843137
(defvar *ponderations* '((240 -210 -30 150 -30 60 )(-120 -60 -180 -180 -270 -180)))	(defvar *peso* 60)							0.8897058823529411
(defvar *ponderations* '((-60 120 210 -270 120 -240 )(150 0 -240 -150 -120 -210)))	(defvar *peso* 60)							0.8725490196078431
(defvar *ponderations* '((-120 -150 -120 30 -210 300 )(-30 -30 0 -60 -210 -240)))	(defvar *peso* 60)							0.8799019607843137
(defvar *ponderations* '((-60 -180 300 -30 -150 -270 )(-30 30 60 -210 -180 -210)))	(defvar *peso* 0)							0.8553921568627451
(defvar *ponderations* '((-240 180 0 -240 -180 60 )(180 270 150 -300 -300 -270)))	(defvar *peso* 0)							0.8799019607843137
(defvar *ponderations* '((30 210 0 180 210 -180 )(120 300 180 -150 -210 -150)))	(defvar *peso* 60)							0.8848039215686274
(defvar *ponderations* '((300 30 -150 90 -270 -180 )(300 180 0 -240 -120 -150)))	(defvar *peso* 0)							0.8700980392156863
(defvar *ponderations* '((270 -300 -240 300 270 60 )(270 210 -60 -300 -270 30)))	(defvar *peso* 210)							0.8799019607843137
(defvar *ponderations* '((240 30 -300 300 -300 -60 )(120 210 90 30 -210 -60)))	(defvar *peso* 60)							0.8799019607843137
(defvar *ponderations* '((240 30 -60 300 -300 270 )(180 -180 -270 -240 -240 210)))	(defvar *peso* 180)							0.8651960784313726
(defvar *ponderations* '((270 -240 -90 -210 120 -270 )(150 270 180 -150 -210 90)))	(defvar *peso* 90)							0.8627450980392157
(defvar *ponderations* '((150 180 90 -150 -210 60 )(30 -90 0 180 -270 -240)))	(defvar *peso* 60)							0.8553921568627451
(defvar *ponderations* '((270 150 30 300 -150 -30 )(150 30 60 -30 -60 210)))	(defvar *peso* 150)							0.8774509803921569
(defvar *ponderations* '((60 -300 -270 -180 -150 -270 )(300 150 180 0 -90 270)))	(defvar *peso* 90)							0.8553921568627451
(defvar *ponderations* '((90 210 210 270 -240 -60 )(120 -60 -210 -90 -120 -210)))	(defvar *peso* 0)							0.8700980392156863
(defvar *ponderations* '((-120 240 -240 -90 60 -60 )(0 0 270 -120 -210 -210)))	(defvar *peso* 60)							0.8725490196078431
(defvar *ponderations* '((30 240 30 150 0 -30 )(300 210 150 -240 -60 -270)))	(defvar *peso* 60)							0.9044117647058824
(defvar *ponderations* '((150 -30 270 -270 -150 210 )(210 90 90 -30 -120 270)))	(defvar *peso* 60)							0.8578431372549019
(defvar *ponderations* '((0 150 270 240 -210 90 )(240 270 60 -90 -210 120)))	(defvar *peso* 210)							0.8946078431372549
(defvar *ponderations* '((180 180 240 -180 300 -120 )(-120 180 -240 -270 -300 -210)))	(defvar *peso* 180)							0.9019607843137255
(defvar *ponderations* '((300 180 -120 240 -90 -270 )(60 300 150 -300 -240 -120)))	(defvar *peso* 150)							0.8504901960784313
(defvar *ponderations* '((270 -300 120 -120 -30 -90 )(150 210 -180 -90 -300 240)))	(defvar *peso* 270)							0.8504901960784313
(defvar *ponderations* '((300 210 -300 240 300 300 )(300 -30 60 -180 -210 120)))	(defvar *peso* 150)							0.8921568627450981
(defvar *ponderations* '((120 30 210 30 300 -30 )(60 -30 -270 -150 -300 -30)))	(defvar *peso* 90)							0.8676470588235294
(defvar *ponderations* '((180 60 180 120 240 -180 )(-60 30 120 -270 -240 -120)))	(defvar *peso* 120)							0.8897058823529411
(defvar *ponderations* '((-30 120 -180 -240 60 90 )(300 120 30 -60 -60 -150)))	(defvar *peso* 60)							0.8970588235294118
(defvar *ponderations* '((30 120 -240 270 -210 30 )(-120 60 -120 -60 -240 240)))	(defvar *peso* 150)							0.8823529411764706
(defvar *ponderations* '((-210 -90 -90 30 300 -180 )(60 300 0 -30 -240 90)))	(defvar *peso* 150)							0.8578431372549019
(defvar *ponderations* '((-90 210 240 90 0 -300 )(180 150 -90 180 -180 -150)))	(defvar *peso* 60)							0.8578431372549019
(defvar *ponderations* '((120 -210 270 300 -150 -270 )(90 180 150 -150 -180 -180)))	(defvar *peso* 60)							0.9019607843137255
(defvar *ponderations* '((270 0 120 -60 -240 -180 )(210 240 180 30 -30 -300)))	(defvar *peso* 0)							0.8651960784313726
(defvar *ponderations* '((180 -240 30 90 90 270 )(30 -90 -150 -210 -240 90)))	(defvar *peso* 60)							0.8529411764705882
(defvar *ponderations* '((270 -90 -210 -240 300 150 )(240 210 120 -120 -270 60)))	(defvar *peso* 270)							0.9142156862745098
(defvar *ponderations* '((-240 -30 60 300 120 -300 )(210 -180 -150 -150 -300 30)))	(defvar *peso* 210)							0.8651960784313726
(defvar *ponderations* '((210 0 90 120 -270 0 )(240 90 270 -210 -300 -150)))	(defvar *peso* 60)							0.8946078431372549
(defvar *ponderations* '((-180 120 120 0 0 60 )(150 90 120 60 -240 -300)))	(defvar *peso* 120)							0.8602941176470589
(defvar *ponderations* '((90 30 -180 -270 -300 300 )(120 60 30 -150 -240 -180)))	(defvar *peso* 0)							0.8700980392156863
(defvar *ponderations* '((210 -120 -270 30 -180 240 )(30 180 -180 -150 -270 -300)))	(defvar *peso* 0)							0.8921568627450981
(defvar *ponderations* '((150 0 -30 -240 -150 150 )(180 0 210 -120 -150 -300)))	(defvar *peso* 180)							0.8602941176470589
(defvar *ponderations* '((150 270 30 -240 -90 -270 )(270 -30 150 120 -60 -270)))	(defvar *peso* 90)							0.8602941176470589
(defvar *ponderations* '((30 -90 120 -60 -210 -90 )(210 180 240 -180 -300 -240)))	(defvar *peso* 60)							0.8651960784313726
(defvar *ponderations* '((210 240 -270 90 -90 120 )(-60 -120 -30 -150 -150 -180)))	(defvar *peso* 120)							0.8970588235294118
(defvar *ponderations* '((270 150 -150 210 300 -300 )(270 150 60 -150 -150 -210)))	(defvar *peso* 210)							0.9215686274509803
(defvar *ponderations* '((300 30 -270 60 180 -60 )(300 -150 30 -60 -270 270)))	(defvar *peso* 180)							0.8848039215686274
(defvar *ponderations* '((120 -150 -30 -270 240 -300 )(180 -60 -240 -180 -240 -30)))	(defvar *peso* 150)							0.8676470588235294
(defvar *ponderations* '((-60 90 -240 -30 240 180 )(120 270 60 -120 -270 -240)))	(defvar *peso* 90)							0.9044117647058824
(defvar *ponderations* '((210 150 -90 -90 120 240 )(210 90 180 -120 -180 150)))	(defvar *peso* 210)							0.875
(defvar *ponderations* '((-30 210 -60 150 240 210 )(60 -60 -210 -120 -180 -240)))	(defvar *peso* 30)							0.9264705882352942
(defvar *ponderations* '((60 150 -180 -300 60 -120 )(-120 270 -180 -240 -270 -270)))	(defvar *peso* 120)							0.8848039215686274
(defvar *ponderations* '((300 300 -300 90 90 60 )(180 150 270 -30 -180 -30)))	(defvar *peso* 240)							0.8553921568627451
(defvar *ponderations* '((-60 90 -180 -300 150 -300 )(30 -30 -90 -270 -270 -210)))	(defvar *peso* 0)							0.8897058823529411
(defvar *ponderations* '((210 90 -270 300 180 -120 )(180 210 -60 -270 -120 -300)))	(defvar *peso* 150)							0.8897058823529411
(defvar *ponderations* '((180 150 270 -270 90 -30 )(-60 120 30 -60 -180 150)))	(defvar *peso* 90)							0.8995098039215687
(defvar *ponderations* '((300 240 120 -240 60 0 )(180 0 180 -180 -300 270)))	(defvar *peso* 90)							0.8946078431372549
(defvar *ponderations* '((150 -90 -30 -180 240 -150 )(210 -210 -150 -240 -270 -60)))	(defvar *peso* 150)							0.8848039215686274
(defvar *ponderations* '((-60 -90 120 240 300 -150 )(-30 120 0 -180 -270 0)))	(defvar *peso* 150)							0.8970588235294118
(defvar *ponderations* '((-90 210 -90 120 90 -150 )(120 150 0 -270 -90 -240)))	(defvar *peso* 30)							0.8602941176470589
(defvar *ponderations* '((240 -120 -270 300 -90 -300 )(-60 -210 -30 -120 -210 210)))	(defvar *peso* 180)							0.8799019607843137
(defvar *ponderations* '((90 30 180 -90 210 300 )(-210 210 -240 -240 -240 270)))	(defvar *peso* 150)							0.8651960784313726
(defvar *ponderations* '((150 240 -270 -240 -180 -240 )(150 -60 30 -90 -300 180)))	(defvar *peso* 60)							0.8774509803921569
(defvar *ponderations* '((-120 -30 300 30 270 -90 )(60 240 -30 -30 -210 -30)))	(defvar *peso* 120)							0.8504901960784313
(defvar *ponderations* '((180 210 60 60 210 180 )(-30 120 -30 -150 -150 60)))	(defvar *peso* 150)							0.8725490196078431
(defvar *ponderations* '((30 60 270 -210 60 -90 )(270 270 -210 0 -90 -180)))	(defvar *peso* 30)							0.9117647058823529
(defvar *ponderations* '((180 300 -120 -210 90 -240 )(210 90 -90 -120 -270 120)))	(defvar *peso* 270)							0.8970588235294118
(defvar *ponderations* '((120 240 -120 -90 90 180 )(150 90 -270 30 -210 -270)))	(defvar *peso* 30)							0.8529411764705882
(defvar *ponderations* '((240 -240 -120 270 30 180 )(-90 0 90 -210 -270 60)))	(defvar *peso* 120)							0.8700980392156863
(defvar *ponderations* '((210 -30 -120 -150 -180 270 )(240 120 150 -180 -270 -300)))	(defvar *peso* 150)							0.9313725490196079
(defvar *ponderations* '((270 300 120 180 -180 150 )(-300 -240 -30 -180 -300 -180)))	(defvar *peso* 150)							0.8602941176470589
(defvar *ponderations* '((300 150 -150 0 150 -30 )(-60 150 -90 -180 -180 -90)))	(defvar *peso* 120)							0.8700980392156863
(defvar *ponderations* '((270 -120 300 270 0 -60 )(210 240 150 -30 -30 -60)))	(defvar *peso* 60)							0.8823529411764706
(defvar *ponderations* '((120 180 -210 -240 0 -180 )(210 0 30 -180 -240 240)))	(defvar *peso* 150)							0.8995098039215687
(defvar *ponderations* '((240 90 -300 -300 30 -300 )(-210 -180 -270 -120 -300 270)))	(defvar *peso* 0)							0.8872549019607843
(defvar *ponderations* '((-150 -60 270 -150 -60 30 )(30 180 -120 -120 -270 0)))	(defvar *peso* 270)							0.8553921568627451
(defvar *ponderations* '((-30 30 -240 300 -270 -150 )(270 240 240 180 30 0)))	(defvar *peso* 0)							0.9142156862745098
(defvar *ponderations* '((270 150 180 -150 60 90 )(60 60 0 -60 -90 -150)))	(defvar *peso* 60)							0.9093137254901961
(defvar *ponderations* '((90 -210 -180 90 240 -120 )(270 -150 -210 -150 -240 90)))	(defvar *peso* 180)							0.8700980392156863
(defvar *ponderations* '((-90 90 270 -60 180 -60 )(180 0 120 -30 -180 -60)))	(defvar *peso* 30)							0.8529411764705882
(defvar *ponderations* '((300 -90 90 -150 0 -180 )(300 270 180 90 -270 -300)))	(defvar *peso* 0)							0.9019607843137255
(defvar *ponderations* '((30 -240 300 -210 -270 -90 )(300 210 -120 -210 -240 -240)))	(defvar *peso* 30)							0.8921568627450981
(defvar *ponderations* '((0 -90 270 0 240 180 )(60 180 -240 -270 -240 -150)))	(defvar *peso* 180)							0.8553921568627451
(defvar *ponderations* '((-30 -90 -150 -270 90 180 )(300 -90 -120 -210 -300 -240)))	(defvar *peso* 0)							0.8700980392156863
(defvar *ponderations* '((150 210 -270 240 240 -150 )(-60 210 30 -120 -240 30)))	(defvar *peso* 90)							0.8725490196078431
