(defvar *ponderations* '((270 -120 0 150 -240 -60 )(240 270 -30 -180 -240 -60)))	(defvar *parameters* '((-60 120 -90 120 )(150 -90 0 30)))	(defvar *peso* 150)	0.8697604790419161
(defvar *ponderations* '((240 180 300 -270 -210 -270 )(210 120 270 0 -60 -60)))	(defvar *parameters* '((60 210 -120 210 )(240 0 240 -270)))	(defvar *peso* 300)	0.8764970059880239
(defvar *ponderations* '((-180 270 300 300 150 90 )(270 240 180 90 -120 -180)))	(defvar *parameters* '((-30 120 -210 30 )(270 -300 -180 -120)))	(defvar *peso* 120)	0.8774950099800399
(defvar *ponderations* '((150 -90 270 -60 -240 60 )(120 210 210 120 -60 -300)))	(defvar *parameters* '((-60 180 -120 60 )(150 -120 -60 -90)))	(defvar *peso* 60)	0.8774950099800399
(defvar *ponderations* '((120 -30 210 -300 -90 0 )(180 60 -270 -180 -300 -270)))	(defvar *parameters* '((60 -210 120 90 )(30 90 -90 -150)))	(defvar *peso* 90)	0.8804890219560878
(defvar *ponderations* '((300 120 150 0 150 -210 )(210 120 -270 -180 -180 -300)))	(defvar *parameters* '((180 -180 300 150 )(60 -150 -270 -210)))	(defvar *peso* 120)	0.8847305389221557
(defvar *ponderations* '((180 270 240 -120 -90 -180 )(300 240 -90 30 -210 -210)))	(defvar *parameters* '((-270 -240 -270 120 )(-30 -30 -60 90)))	(defvar *peso* 90)	0.8857285429141717
(defvar *ponderations* '((270 -60 -120 270 -240 -270 )(180 120 30 0 -180 180)))	(defvar *parameters* '((180 240 60 210 )(-30 300 180 -120)))	(defvar *peso* 300)	0.8867265469061876
(defvar *ponderations* '((120 150 300 -240 -300 -150 )(270 180 270 -120 -300 -210)))	(defvar *parameters* '((-180 -270 0 150 )(90 60 270 -180)))	(defvar *peso* 210)	0.8874750499001997
(defvar *ponderations* '((210 0 300 -90 -120 -210 )(180 300 -120 -270 -240 270)))	(defvar *parameters* '((30 90 90 270 )(-180 -90 -90 -180)))	(defvar *peso* 240)	0.8899700598802395
(defvar *ponderations* '((-240 150 -90 90 240 -300 )(-240 0 -300 -210 -300 -120)))	(defvar *parameters* '((-300 180 150 180 )(180 120 180 -30)))	(defvar *peso* 240)	0.8904690618762475
(defvar *ponderations* '((-60 300 240 -120 300 -120 )(-60 270 240 -300 -180 -210)))	(defvar *parameters* '((-240 150 240 150 )(30 -210 300 -120)))	(defvar *peso* 270)	0.8909680638722555
(defvar *ponderations* '((-30 120 240 240 -270 -240 )(-210 300 60 -240 -240 -60)))	(defvar *parameters* '((-240 60 -30 210 )(30 -210 90 -210)))	(defvar *peso* 240)	0.8912175648702595
(defvar *ponderations* '((90 -240 -30 270 -210 -120 )(-30 240 -90 -150 -210 -270)))	(defvar *parameters* '((-120 -120 60 120 )(180 -270 270 -210)))	(defvar *peso* 150)	0.8919660678642715
(defvar *ponderations* '((90 -60 -210 30 -120 120 )(30 270 30 -60 -150 -180)))	(defvar *parameters* '((-180 300 60 30 )(270 -150 210 30)))	(defvar *peso* 30)	0.8937125748502994
(defvar *ponderations* '((-30 60 300 60 120 30 )(240 60 -60 -30 -210 -60)))	(defvar *parameters* '((-300 -210 180 210 )(-180 -90 60 -300)))	(defvar *peso* 60)	0.8942115768463074
(defvar *ponderations* '((30 120 -120 270 270 -210 )(-150 -120 -120 0 -300 -270)))	(defvar *parameters* '((-270 0 120 -30 )(-300 -180 -30 -210)))	(defvar *peso* 30)	0.8947105788423154
(defvar *ponderations* '((-120 300 -150 300 150 0 )(-30 120 240 -210 -270 120)))	(defvar *parameters* '((-300 90 300 30 )(0 270 270 -60)))	(defvar *peso* 240)	0.8949600798403193
(defvar *ponderations* '((0 180 -30 90 90 -90 )(150 270 -90 30 -90 -180)))	(defvar *parameters* '((120 30 270 60 )(60 -30 30 -120)))	(defvar *peso* 120)	0.8954590818363274
(defvar *ponderations* '((30 90 180 300 -270 -180 )(270 -120 -150 -300 -270 -210)))	(defvar *parameters* '((-300 -180 270 210 )(-30 240 120 30)))	(defvar *peso* 300)	0.8964570858283433
(defvar *ponderations* '((240 180 180 240 -90 180 )(30 -240 240 -120 -270 -300)))	(defvar *parameters* '((-30 90 180 0 )(60 180 90 -300)))	(defvar *peso* 210)	0.8967065868263473
(defvar *ponderations* '((30 180 270 30 -60 300 )(90 270 210 -210 -210 -120)))	(defvar *parameters* '((-300 -30 -60 150 )(0 -150 300 -240)))	(defvar *peso* 240)	0.8967065868263473
(defvar *ponderations* '((-210 210 30 180 120 120 )(300 180 60 -300 -210 -60)))	(defvar *parameters* '((-300 -300 240 90 )(180 -120 120 -270)))	(defvar *peso* 150)	0.8969560878243513
(defvar *ponderations* '((210 120 -150 240 -120 -60 )(-90 -30 0 -210 -270 -90)))	(defvar *parameters* '((90 60 180 90 )(0 -150 60 -60)))	(defvar *peso* 180)	0.8974550898203593
(defvar *ponderations* '((210 -240 0 270 -30 240 )(-30 210 -210 -120 -180 -300)))	(defvar *parameters* '((-300 -90 120 150 )(-90 120 30 -240)))	(defvar *peso* 150)	0.8984530938123753
(defvar *ponderations* '((-180 120 -30 -60 -240 300 )(210 120 -150 -270 -300 180)))	(defvar *parameters* '((-240 60 30 120 )(-150 30 180 -270)))	(defvar *peso* 270)	0.8989520958083832
(defvar *ponderations* '((240 180 180 -270 150 0 )(300 60 0 90 -150 -150)))	(defvar *parameters* '((-270 -210 240 30 )(150 -120 60 -90)))	(defvar *peso* 30)	0.8989520958083832
(defvar *ponderations* '((90 150 240 -270 60 270 )(-60 -30 -90 90 -270 270)))	(defvar *parameters* '((-270 210 300 -60 )(-300 -60 240 -60)))	(defvar *peso* 150)	0.8989520958083832
(defvar *ponderations* '((240 -150 210 240 270 -270 )(-30 -30 90 -240 -150 300)))	(defvar *parameters* '((-240 150 30 120 )(90 -60 0 -120)))	(defvar *peso* 180)	0.8992015968063872
(defvar *ponderations* '((-210 -30 150 -60 -90 270 )(240 30 -90 -270 -270 -240)))	(defvar *parameters* '((0 90 60 180 )(-240 60 90 -180)))	(defvar *peso* 270)	0.8994510978043913
(defvar *ponderations* '((60 -120 270 180 210 90 )(240 270 -240 -210 0 -120)))	(defvar *parameters* '((-120 90 300 60 )(-150 -210 -300 -150)))	(defvar *peso* 0)	0.8999500998003992
(defvar *ponderations* '((0 210 240 150 180 210 )(150 150 -30 -90 -240 120)))	(defvar *parameters* '((-300 -90 -210 120 )(150 60 -210 -210)))	(defvar *peso* 300)	0.9001996007984032
(defvar *ponderations* '((300 -300 -150 0 180 -60 )(-180 -60 -240 -270 -180 30)))	(defvar *parameters* '((-300 120 -120 120 )(90 -150 180 -120)))	(defvar *peso* 150)	0.9004491017964071
(defvar *ponderations* '((-240 270 210 -90 180 90 )(30 240 60 -300 -180 -180)))	(defvar *parameters* '((-60 150 210 150 )(150 -120 -150 -240)))	(defvar *peso* 240)	0.9014471057884231
(defvar *ponderations* '((-90 120 180 150 0 0 )(30 120 210 -180 -150 180)))	(defvar *parameters* '((-270 270 -150 30 )(270 -120 120 -210)))	(defvar *peso* 240)	0.9034431137724551
(defvar *ponderations* '((96 -116 100 -8 28 -64) (80 -72 -60 -100 -56 -96)))	(defvar *parameters* '((-100 108 88 16) (84 36 -16 -48)))	(defvar *peso* 1)	0.9034431137724551
(defvar *ponderations* '((300 210 -210 -150 -300 -180 )(270 60 -300 -60 -180 -180)))	(defvar *parameters* '((-60 60 60 60 )(90 30 -120 -270)))	(defvar *peso* 210)	0.9041916167664671
(defvar *ponderations* '((90 -30 180 300 270 240 )(0 240 -60 -180 -240 -300)))	(defvar *parameters* '((-270 -180 210 -30 )(210 60 90 0)))	(defvar *peso* 210)	0.904690618762475
(defvar *ponderations* '((240 -60 90 150 240 -300 )(150 180 -180 0 -270 -210)))	(defvar *parameters* '((-60 270 90 150 )(60 0 210 -240)))	(defvar *peso* 120)	0.905439121756487
(defvar *ponderations* '((90 -120 120 90 -60 -240 )(270 210 -90 -30 -150 -120)))	(defvar *parameters* '((-120 -300 0 60 )(-60 120 -60 -240)))	(defvar *peso* 30)	0.905439121756487
(defvar *ponderations* '((90 60 -180 -210 -300 -210 )(210 210 -30 90 -300 -210)))	(defvar *parameters* '((-270 180 90 150 )(60 0 240 -270)))	(defvar *peso* 270)	0.905688622754491
(defvar *ponderations* '((0 210 -270 210 300 210 )(90 90 -30 -90 -30 -150)))	(defvar *parameters* '((-150 0 240 30 )(300 90 270 -180)))	(defvar *peso* 60)	0.906187624750499
(defvar *ponderations* '((150 270 -270 -90 240 180 )(150 60 -150 -210 -300 240)))	(defvar *parameters* '((-210 90 180 -30 )(-210 -270 300 -150)))	(defvar *peso* 150)	0.907185628742515
(defvar *ponderations* '((90 210 300 210 -60 -240 )(0 30 -150 -90 -180 -240)))	(defvar *parameters* '((-300 -90 150 30 )(-300 210 -60 -30)))	(defvar *peso* 240)	0.908183632734531
(defvar *ponderations* '((240 300 240 210 -120 -150 )(240 -90 -180 -240 -90 -210)))	(defvar *parameters* '((30 240 0 210 )(60 -270 270 -300)))	(defvar *peso* 240)	0.9094311377245509
(defvar *ponderations* '((270 -180 270 -150 120 150 )(270 -90 -210 -300 -270 300)))	(defvar *parameters* '((-180 60 -30 60 )(150 -30 -210 90)))	(defvar *peso* 210)	0.9096806387225549
(defvar *ponderations* '((-150 30 270 -180 300 300 )(90 240 -150 -150 -240 -90)))	(defvar *parameters* '((-210 270 270 270 )(-60 210 -300 -210)))	(defvar *peso* 180)	0.9101796407185628
(defvar *ponderations* '((-120 210 60 -240 -180 -270 )(60 60 150 -90 -240 270)))	(defvar *parameters* '((-90 270 -240 60 )(300 60 180 -90)))	(defvar *peso* 210)	0.9104291417165669
(defvar *ponderations* '((150 150 120 60 -210 -240 )(150 -30 120 -60 -120 240)))	(defvar *parameters* '((-210 60 270 30 )(300 90 0 -180)))	(defvar *peso* 270)	0.9104291417165669
(defvar *ponderations* '((300 -270 90 -300 30 270 )(120 150 -30 -90 -210 210)))	(defvar *parameters* '((-210 240 240 180 )(90 120 300 30)))	(defvar *peso* 210)	0.9109281437125748
(defvar *ponderations* '((270 240 -240 90 270 -120 )(120 -270 -240 -210 -270 90)))	(defvar *parameters* '((-300 210 -90 -30 )(-120 180 -30 0)))	(defvar *peso* 270)	0.9114271457085829
(defvar *ponderations* '((60 210 -240 -90 -150 180 )(120 270 60 0 -90 -60)))	(defvar *parameters* '((-240 240 150 0 )(-90 0 150 30)))	(defvar *peso* 120)	0.9119261477045908
(defvar *ponderations* '((60 90 -120 90 -90 -300 )(150 150 270 -90 -240 -60)))	(defvar *parameters* '((-180 -30 270 90 )(210 -90 -30 -210)))	(defvar *peso* 150)	0.9119261477045908
(defvar *ponderations* '((270 -120 -120 -60 120 -120 )(210 0 -270 -180 -300 -60)))	(defvar *parameters* '((30 180 240 0 )(-120 210 90 -30)))	(defvar *peso* 240)	0.9141716566866267
(defvar *ponderations* '((30 -60 -240 -30 120 210 )(240 180 0 -120 -180 -90)))	(defvar *parameters* '((-270 30 0 150 )(150 90 30 -150)))	(defvar *peso* 150)	0.9151696606786427
(defvar *ponderations* '((120 300 -270 -150 60 270 )(150 300 -30 60 -150 -150)))	(defvar *parameters* '((-300 270 90 270 )(300 -120 -210 -180)))	(defvar *peso* 210)	0.9159181636726547
(defvar *ponderations* '((0 -68 -4 16 112 108) (52 96 24 -4 -60 -100)))	(defvar *parameters* '((-104 72 80 -8) (-80 76 -56 56)))	(defvar *peso* 1)	0.9189121756487026
(defvar *ponderations* '((-60 -90 210 300 -270 -150 )(90 -30 0 -150 -300 -180)))	(defvar *parameters* '((-60 300 300 90 )(150 30 30 -210)))	(defvar *peso* 90)	0.9199101796407185
(defvar *ponderations* '((90 240 -90 -180 120 -240 )(150 180 -270 30 -180 -210)))	(defvar *parameters* '((-120 270 240 210 )(-60 -120 0 -180)))	(defvar *peso* 120)	0.9206586826347305
(defvar *ponderations* '((0 -120 300 -240 270 -300 )(0 300 240 -210 -150 -300)))	(defvar *parameters* '((-150 150 -270 150 )(240 -60 -60 -150)))	(defvar *peso* 240)	0.9211576846307385
(defvar *ponderations* '((300 270 120 240 -30 -90 )(180 -180 150 -90 -150 300)))	(defvar *parameters* '((-240 180 0 0 )(210 30 120 -90)))	(defvar *peso* 210)	0.9216566866267465
(defvar *ponderations* '((-300 210 -240 90 240 -210 )(-30 240 -300 -300 -240 -300)))	(defvar *parameters* '((-210 180 270 90 )(300 -270 270 -180)))	(defvar *peso* 240)	0.9221556886227545
(defvar *ponderations* '((-60 240 210 -210 180 -270 )(180 120 -30 -30 -240 -180)))	(defvar *parameters* '((-60 -30 90 30 )(60 -240 30 -150)))	(defvar *peso* 150)	0.9226546906187625
(defvar *ponderations* '((-150 270 150 -120 90 120 )(180 150 -60 -270 -300 -240)))	(defvar *parameters* '((90 180 180 90 )(-300 -60 -210 -240)))	(defvar *peso* 210)	0.9239021956087824
(defvar *ponderations* '((150 180 -300 300 180 -60 )(90 -60 120 0 -270 -270)))	(defvar *parameters* '((-270 120 30 60 )(-90 -60 240 -150)))	(defvar *peso* 90)	0.9239021956087824
(defvar *ponderations* '((180 240 150 -150 -180 30 )(300 180 -30 -30 -90 -240)))	(defvar *parameters* '((-120 -150 180 150 )(-90 210 120 -210)))	(defvar *peso* 210)	0.9239021956087824
(defvar *ponderations* '((270 210 -300 -300 -30 300 )(120 150 -300 -210 -120 -120)))	(defvar *parameters* '((-300 0 90 120 )(-60 -300 210 -180)))	(defvar *peso* 120)	0.9246506986027944
(defvar *ponderations* '((270 240 150 -60 270 30 )(240 -90 -270 -240 -210 -150)))	(defvar *parameters* '((-30 -60 180 150 )(-90 -150 180 -300)))	(defvar *peso* 240)	0.9253992015968064
(defvar *ponderations* '((90 30 -90 300 300 210 )(210 180 -90 -90 -300 -90)))	(defvar *parameters* '((-300 120 300 120 )(-270 30 300 -120)))	(defvar *peso* 270)	0.9258982035928144
(defvar *ponderations* '((60 -150 -120 -180 240 -180 )(300 0 -120 -60 -150 -240)))	(defvar *parameters* '((-300 150 -30 90 )(180 30 -270 -60)))	(defvar *peso* 60)	0.9263972055888223
(defvar *ponderations* '((-90 90 300 150 -210 -270 )(210 -90 0 -300 -90 -270)))	(defvar *parameters* '((-240 240 120 60 )(-210 180 300 -120)))	(defvar *peso* 120)	0.9286427145708582
(defvar *ponderations* '((12 80 -120 88 36 36) (104 44 -32 24 8 -80)))	(defvar *parameters* '((-120 56 108 0) (12 80 -12 -16)))	(defvar *peso* 1)	0.9328842315369261
(defvar *ponderations* '((-180 210 -60 -30 -90 -120 )(120 120 90 -240 -270 -150)))	(defvar *parameters* '((-270 180 120 300 )(-210 -180 60 -270)))	(defvar *peso* 300)	0.9336327345309381
(defvar *ponderations* '((-90 180 -30 150 -270 -90 )(120 30 30 -90 -150 -120)))	(defvar *parameters* '((-240 -120 150 90 )(60 -60 0 -60)))	(defvar *peso* 120)	0.9341317365269461
(defvar *ponderations* '((-60 30 60 -90 180 300 )(240 270 0 -120 -240 -270)))	(defvar *parameters* '((-90 -30 240 0 )(-300 30 0 -60)))	(defvar *peso* 30)	0.938872255489022
(defvar *ponderations* '((60 240 -270 300 30 120 )(180 240 -120 0 -240 -300)))	(defvar *parameters* '((-210 120 180 90 )(-240 150 -150 -270)))	(defvar *peso* 270)	0.9433632734530938
(defvar *ponderations* '((0 300 150 300 -150 -150 )(180 240 -30 -60 -270 -300)))	(defvar *parameters* '((0 210 -90 60 )(-150 30 -180 -150)))	(defvar *peso* 210)	0.9483532934131736
