(defvar *ponderations* '((-90 120 -90 90 180 0 )(-90 -90 120 -180 -300 -60)))	(defvar *parameters* '((60 120 90 60 )(-30 -180 210 0)))	(defvar *peso* 180)							0.7426470588235294
(defvar *ponderations* '((-150 180 -300 -270 -270 90 )(-120 210 150 -240 -270 30)))	(defvar *parameters* '((90 -30 -180 -180 )(270 60 -90 0)))	(defvar *peso* 240)							0.6838235294117647
(defvar *ponderations* '((60 -90 120 60 -60 90 )(-150 120 300 180 -270 270)))	(defvar *parameters* '((-150 90 60 180 )(-150 60 0 -150)))	(defvar *peso* 90)							0.7352941176470589
(defvar *ponderations* '((120 30 240 270 -270 -210 )(-180 -210 180 -60 -210 -180)))	(defvar *parameters* '((-210 240 -60 -90 )(30 -60 150 60)))	(defvar *peso* 0)							0.696078431372549
(defvar *ponderations* '((-120 180 30 -90 270 300 )(210 -180 120 -180 -210 30)))	(defvar *parameters* '((120 -270 -150 60 )(0 270 -30 150)))	(defvar *peso* 150)							0.6985294117647058
(defvar *ponderations* '((300 -30 60 120 -270 -240 )(120 0 -240 210 0 30)))	(defvar *parameters* '((-150 -180 30 30 )(0 -300 300 30)))	(defvar *peso* 90)							0.6544117647058824
(defvar *ponderations* '((270 -30 -120 180 60 300 )(240 -210 120 240 0 -180)))	(defvar *parameters* '((0 -300 -120 0 )(240 240 120 150)))	(defvar *peso* 90)							0.6029411764705882
(defvar *ponderations* '((-60 30 60 210 90 -300 )(150 270 -30 -180 -240 60)))	(defvar *parameters* '((-240 180 -150 -30 )(90 -300 -30 270)))	(defvar *peso* 90)							0.7156862745098039
(defvar *ponderations* '((-150 30 -150 30 300 -240 )(300 -270 -150 30 -150 -60)))	(defvar *parameters* '((30 150 -270 90 )(-90 240 -150 -210)))	(defvar *peso* 210)							0.6078431372549019
(defvar *ponderations* '((90 60 -180 -120 0 270 )(120 -30 -240 90 -300 -270)))	(defvar *parameters* '((240 150 240 -30 )(90 240 150 -60)))	(defvar *peso* 0)							0.7230392156862745
(defvar *ponderations* '((0 -270 -180 300 -300 -60 )(30 -270 -60 0 -90 -150)))	(defvar *parameters* '((-90 60 -180 30 )(300 -150 60 -270)))	(defvar *peso* 90)							0.6372549019607843
(defvar *ponderations* '((300 270 -30 -30 -270 210 )(-60 -240 210 -300 -240 -180)))	(defvar *parameters* '((-240 300 60 240 )(90 -120 90 210)))	(defvar *peso* 210)							0.7009803921568627
(defvar *ponderations* '((-180 300 -30 0 -60 -150 )(-30 240 -30 -150 -150 150)))	(defvar *parameters* '((-90 -60 180 90 )(60 0 240 -30)))	(defvar *peso* 90)							0.7107843137254902
(defvar *ponderations* '((-90 0 -270 -210 240 60 )(240 270 270 150 30 90)))	(defvar *parameters* '((-300 -150 150 -30 )(-60 -180 90 -210)))	(defvar *peso* 60)							0.6985294117647058
(defvar *ponderations* '((0 -60 -240 -180 210 30 )(150 300 300 240 -150 -270)))	(defvar *parameters* '((-240 30 270 -150 )(240 210 -240 -120)))	(defvar *peso* 300)							0.6593137254901961
(defvar *ponderations* '((300 -60 -30 -270 -300 270 )(0 -300 -150 -150 -300 -180)))	(defvar *parameters* '((-150 150 -30 -270 )(150 120 210 -270)))	(defvar *peso* 90)							0.6102941176470589
(defvar *ponderations* '((30 -210 -150 150 -120 60 )(-270 -210 -210 120 -300 150)))	(defvar *parameters* '((-120 120 -210 180 )(90 300 270 -240)))	(defvar *peso* 240)							0.7156862745098039
(defvar *ponderations* '((-240 -300 240 -30 -240 -150 )(270 -210 180 -90 -30 180)))	(defvar *parameters* '((-240 -90 30 90 )(-150 90 -300 -90)))	(defvar *peso* 30)							0.678921568627451
(defvar *ponderations* '((150 120 -120 -90 90 240 )(-210 150 270 -60 -210 180)))	(defvar *parameters* '((-270 300 -120 -210 )(-120 300 180 -270)))	(defvar *peso* 270)							0.6544117647058824
(defvar *ponderations* '((-270 -210 30 210 210 -210 )(210 60 -150 -90 -240 180)))	(defvar *parameters* '((90 240 0 120 )(-210 -90 -150 270)))	(defvar *peso* 300)							0.7009803921568627
(defvar *ponderations* '((60 300 300 300 -240 300 )(-150 -30 -90 -120 -240 -270)))	(defvar *parameters* '((210 120 30 -180 )(-240 -30 -60 -30)))	(defvar *peso* 150)							0.6029411764705882
(defvar *ponderations* '((-210 -120 -120 -30 90 150 )(-300 -210 -270 -120 -180 -60)))	(defvar *parameters* '((90 -210 -240 300 )(-90 -240 0 -90)))	(defvar *peso* 300)							0.6200980392156863
(defvar *ponderations* '((120 300 -240 0 -210 -90 )(-30 -240 0 -300 -90 -300)))	(defvar *parameters* '((150 -180 120 120 )(270 -120 -120 30)))	(defvar *peso* 30)							0.6740196078431373
(defvar *ponderations* '((-240 -240 -120 -60 -210 210 )(120 -30 -300 150 -60 -60)))	(defvar *parameters* '((-300 -300 -210 150 )(-180 30 150 -210)))	(defvar *peso* 270)							0.6495098039215687
(defvar *ponderations* '((-270 -150 120 -150 -240 60 )(90 210 -60 -180 210 -300)))	(defvar *parameters* '((60 -300 180 300 )(60 210 -150 -30)))	(defvar *peso* 30)							0.6764705882352942
(defvar *ponderations* '((270 -60 -30 90 270 -30 )(-300 150 300 -90 -120 150)))	(defvar *parameters* '((-210 -180 -270 270 )(0 -210 210 -270)))	(defvar *peso* 0)							0.7279411764705882
(defvar *ponderations* '((60 90 270 60 270 0 )(300 180 -240 180 30 -120)))	(defvar *parameters* '((300 -120 240 30 )(270 240 60 -90)))	(defvar *peso* 120)							0.7303921568627451
(defvar *ponderations* '((-150 -150 -150 -240 270 30 )(60 90 -180 -180 180 90)))	(defvar *parameters* '((-300 -240 -120 180 )(-180 -90 -210 300)))	(defvar *peso* 180)							0.6127450980392157
(defvar *ponderations* '((-180 300 180 -60 -60 -300 )(0 300 90 -150 -270 -60)))	(defvar *parameters* '((-60 -60 -90 0 )(120 120 -60 150)))	(defvar *peso* 0)							0.6593137254901961
(defvar *ponderations* '((120 270 90 -30 -90 240 )(210 -60 -60 90 270 180)))	(defvar *parameters* '((-90 -60 210 150 )(150 -60 150 -120)))	(defvar *peso* 120)							0.6274509803921569
(defvar *ponderations* '((240 -210 30 -120 300 -240 )(-90 60 -270 0 180 -270)))	(defvar *parameters* '((-210 -240 240 150 )(-300 300 -150 -270)))	(defvar *peso* 240)							0.6568627450980392
(defvar *ponderations* '((-210 -60 300 240 240 300 )(270 -240 -270 -60 -180 -60)))	(defvar *parameters* '((90 60 150 0 )(-210 60 150 -210)))	(defvar *peso* 240)							0.7058823529411765
(defvar *ponderations* '((180 300 270 150 -150 150 )(240 -120 -150 90 -120 -30)))	(defvar *parameters* '((-300 30 -270 -90 )(300 -270 90 -210)))	(defvar *peso* 210)							0.7083333333333334
(defvar *ponderations* '((270 240 300 30 -300 60 )(-30 240 -150 -240 60 -120)))	(defvar *parameters* '((60 0 270 0 )(-120 -30 150 -150)))	(defvar *peso* 300)							0.6274509803921569
(defvar *ponderations* '((120 180 30 -270 270 -60 )(0 -90 210 210 -180 -150)))	(defvar *parameters* '((-300 180 180 270 )(300 120 -300 -30)))	(defvar *peso* 30)							0.7450980392156863
(defvar *ponderations* '((180 120 -300 270 -180 -180 )(60 -30 -180 -30 -300 -60)))	(defvar *parameters* '((-90 -210 150 -90 )(270 30 180 -150)))	(defvar *peso* 210)							0.7132352941176471
(defvar *ponderations* '((90 90 -180 -210 -30 -60 )(270 -30 -300 -150 120 60)))	(defvar *parameters* '((-90 30 60 180 )(210 180 150 -210)))	(defvar *peso* 210)							0.7034313725490197
(defvar *ponderations* '((0 90 -180 -270 300 -150 )(-60 -300 -240 -120 90 0)))	(defvar *parameters* '((-180 -240 30 300 )(300 300 150 30)))	(defvar *peso* 210)							0.6323529411764706
(defvar *ponderations* '((-60 180 0 -120 120 240 )(-90 30 300 -90 -270 120)))	(defvar *parameters* '((180 -180 -180 90 )(90 120 -270 0)))	(defvar *peso* 60)							0.6127450980392157
(defvar *ponderations* '((-120 0 180 -240 -90 270 )(-60 0 240 -150 210 60)))	(defvar *parameters* '((-240 0 300 210 )(-300 -150 240 -300)))	(defvar *peso* 60)							0.6887254901960784
(defvar *ponderations* '((300 -180 90 270 -90 210 )(-60 300 180 30 0 -120)))	(defvar *parameters* '((-90 -240 -210 270 )(240 60 180 270)))	(defvar *peso* 90)							0.6348039215686274
(defvar *ponderations* '((-120 90 150 30 270 270 )(60 -300 -300 -300 0 300)))	(defvar *parameters* '((-150 270 90 -150 )(0 60 -210 -210)))	(defvar *peso* 120)							0.6470588235294118
(defvar *ponderations* '((-180 210 90 -60 210 -300 )(300 180 -240 -150 240 -30)))	(defvar *parameters* '((-240 -300 -120 150 )(30 300 -90 300)))	(defvar *peso* 120)							0.6348039215686274
(defvar *ponderations* '((90 -90 -210 120 -150 180 )(60 240 60 -300 -180 120)))	(defvar *parameters* '((240 -90 -90 -90 )(0 -240 120 -180)))	(defvar *peso* 300)							0.6151960784313726
(defvar *ponderations* '((180 240 -90 240 90 -60 )(-150 60 270 -240 -60 -180)))	(defvar *parameters* '((-240 210 -270 -210 )(300 -60 150 30)))	(defvar *peso* 90)							0.6127450980392157
(defvar *ponderations* '((-120 -210 150 -150 -240 -180 )(210 180 -90 -90 0 120)))	(defvar *parameters* '((-300 240 -30 -240 )(240 -60 210 90)))	(defvar *peso* 240)							0.6519607843137255
(defvar *ponderations* '((0 -30 30 -300 -240 90 )(-150 -120 30 -270 -240 300)))	(defvar *parameters* '((180 -240 -300 -30 )(210 -60 -270 -90)))	(defvar *peso* 120)							0.6813725490196079
(defvar *ponderations* '((150 -120 -270 -180 -240 60 )(-300 210 120 -60 -210 -180)))	(defvar *parameters* '((-300 -300 -240 -30 )(-180 120 90 180)))	(defvar *peso* 240)							0.6053921568627451
