(defvar *ponderations* '((-180 0 0 -30 30 -240 )(0 150 210 -240 -240 -90)))	(defvar *parameters* '((0 -90 -270 30 )(-270 -150 -210 -270)))	(defvar *peso* 0)							0.7524509803921569
(defvar *ponderations* '((-60 -180 60 -180 240 -150 )(-30 -210 0 -90 -90 -150)))	(defvar *parameters* '((-210 -180 270 120 )(-210 -240 270 60)))	(defvar *peso* 120)							0.7671568627450981
(defvar *ponderations* '((-30 -60 -240 -270 240 150 )(30 240 -120 -90 -90 -60)))	(defvar *parameters* '((300 -150 180 240 )(270 -180 300 -120)))	(defvar *peso* 60)							0.7279411764705882
(defvar *ponderations* '((60 -90 300 -90 0 210 )(-30 150 300 60 -240 -270)))	(defvar *parameters* '((-150 -300 240 90 )(-30 -180 -210 -120)))	(defvar *peso* 60)							0.7573529411764706
(defvar *ponderations* '((-60 0 0 -30 90 -120 )(240 210 150 150 -210 -210)))	(defvar *parameters* '((-240 180 210 -180 )(150 210 270 180)))	(defvar *peso* 30)							0.7107843137254902
(defvar *ponderations* '((210 -180 -180 300 210 -300 )(90 60 -210 -60 -120 150)))	(defvar *parameters* '((180 0 -180 240 )(-270 240 180 -150)))	(defvar *peso* 90)							0.7279411764705882
(defvar *ponderations* '((-210 150 -240 180 60 -90 )(60 -180 60 30 -270 -60)))	(defvar *parameters* '((-270 210 -210 300 )(150 210 150 90)))	(defvar *peso* 210)							0.7254901960784313
(defvar *ponderations* '((210 -270 -90 60 -270 300 )(0 -90 -30 -120 -300 30)))	(defvar *parameters* '((270 -90 0 300 )(210 -150 300 -270)))	(defvar *peso* 150)							0.7769607843137255
(defvar *ponderations* '((270 150 0 -60 210 -300 )(210 60 -60 30 90 -300)))	(defvar *parameters* '((150 60 -30 150 )(-60 -210 -60 -210)))	(defvar *peso* 90)							0.7622549019607843
(defvar *ponderations* '((-180 270 30 -180 -180 180 )(270 210 -30 -180 -300 0)))	(defvar *parameters* '((90 -240 300 -300 )(60 300 120 -30)))	(defvar *peso* 210)							0.7426470588235294
(defvar *ponderations* '((300 -60 -270 270 -180 120 )(120 240 30 30 -300 210)))	(defvar *parameters* '((-150 -90 -60 -150 )(-90 180 -90 -60)))	(defvar *peso* 60)							0.7549019607843137
(defvar *ponderations* '((-180 -180 -150 90 30 270 )(-90 90 30 -240 -60 240)))	(defvar *parameters* '((-300 270 180 90 )(240 120 180 -120)))	(defvar *peso* 300)							0.7009803921568627
(defvar *ponderations* '((300 -150 -90 180 300 300 )(240 -270 180 120 -90 270)))	(defvar *parameters* '((120 30 -300 300 )(-300 90 -150 90)))	(defvar *peso* 60)							0.7009803921568627
(defvar *ponderations* '((-60 0 60 60 30 60 )(150 300 -210 -240 180 300)))	(defvar *parameters* '((-240 180 -30 150 )(210 -240 -270 -120)))	(defvar *peso* 120)							0.7107843137254902
(defvar *ponderations* '((-300 -270 150 -270 -30 -270 )(240 270 120 -210 -300 90)))	(defvar *parameters* '((-60 30 300 120 )(180 -240 -300 0)))	(defvar *peso* 90)							0.7867647058823529
(defvar *ponderations* '((-60 -90 60 150 270 90 )(240 210 -240 -90 -270 300)))	(defvar *parameters* '((30 300 -150 30 )(-120 90 60 270)))	(defvar *peso* 240)							0.7622549019607843
(defvar *ponderations* '((-120 90 270 210 -210 -150 )(90 150 210 150 -270 -180)))	(defvar *parameters* '((60 300 -210 0 )(-120 -180 210 240)))	(defvar *peso* 0)							0.7745098039215687
(defvar *ponderations* '((300 -90 30 -210 -90 90 )(-30 300 90 -30 -300 0)))	(defvar *parameters* '((0 -180 -60 60 )(30 240 300 240)))	(defvar *peso* 180)							0.7328431372549019
(defvar *ponderations* '((0 -300 210 150 270 30 )(150 180 240 30 -210 210)))	(defvar *parameters* '((-240 120 -30 270 )(240 -90 0 -180)))	(defvar *peso* 0)							0.7965686274509803
(defvar *ponderations* '((-90 150 -240 -240 -210 240 )(0 30 -300 -240 -270 240)))	(defvar *parameters* '((-30 -300 -150 270 )(-90 180 -120 -270)))	(defvar *peso* 0)							0.7205882352941176
(defvar *ponderations* '((30 90 60 90 180 270 )(270 -120 -240 210 -270 30)))	(defvar *parameters* '((-300 -180 150 150 )(-240 -210 -210 -180)))	(defvar *peso* 270)							0.7083333333333334
(defvar *ponderations* '((-30 270 270 -240 -210 300 )(-270 -300 30 -60 -180 -90)))	(defvar *parameters* '((-210 180 -120 90 )(90 -300 -30 -30)))	(defvar *peso* 120)							0.7916666666666666
(defvar *ponderations* '((240 180 0 -210 210 -150 )(150 240 -300 30 -240 -240)))	(defvar *parameters* '((-300 30 -90 -60 )(-150 30 240 150)))	(defvar *peso* 150)							0.7990196078431373
(defvar *ponderations* '((-90 -240 240 -90 -180 -210 )(240 210 150 -180 240 -150)))	(defvar *parameters* '((150 60 300 210 )(-30 180 240 -240)))	(defvar *peso* 240)							0.7279411764705882
(defvar *ponderations* '((150 150 300 -210 90 90 )(120 270 30 -300 -150 30)))	(defvar *parameters* '((240 180 180 30 )(120 150 240 0)))	(defvar *peso* 90)							0.7254901960784313
(defvar *ponderations* '((-300 -60 210 -150 120 150 )(60 -300 180 60 -90 180)))	(defvar *parameters* '((-210 -90 180 150 )(90 -180 -120 30)))	(defvar *peso* 60)							0.7279411764705882
(defvar *ponderations* '((120 300 -30 120 240 -90 )(300 0 -210 -300 -60 -150)))	(defvar *parameters* '((-90 -210 180 180 )(270 0 90 180)))	(defvar *peso* 300)							0.7303921568627451
(defvar *ponderations* '((180 -210 -120 -180 240 -30 )(60 0 120 -300 150 -120)))	(defvar *parameters* '((-240 -60 180 150 )(-270 90 -240 60)))	(defvar *peso* 0)							0.7549019607843137
(defvar *ponderations* '((270 210 270 120 -240 210 )(-90 -270 60 -120 150 -90)))	(defvar *parameters* '((-210 300 0 90 )(-30 60 180 -120)))	(defvar *peso* 30)							0.7083333333333334
(defvar *ponderations* '((90 -270 90 210 90 -210 )(300 180 90 270 300 300)))	(defvar *parameters* '((-90 270 -60 270 )(300 -270 210 30)))	(defvar *peso* 120)							0.7450980392156863
(defvar *ponderations* '((-210 240 -120 30 90 -300 )(300 180 300 -240 -60 180)))	(defvar *parameters* '((210 210 210 240 )(210 -180 -210 -240)))	(defvar *peso* 60)							0.7254901960784313
(defvar *ponderations* '((180 -60 -210 -150 180 150 )(-60 240 -30 60 -300 270)))	(defvar *parameters* '((-90 180 90 -180 )(-270 60 60 270)))	(defvar *peso* 180)							0.7279411764705882
(defvar *ponderations* '((270 -60 -120 210 -150 -60 )(150 -240 180 30 -120 180)))	(defvar *parameters* '((150 150 0 180 )(-300 60 -240 -60)))	(defvar *peso* 120)							0.7205882352941176
(defvar *ponderations* '((60 -60 210 -150 -240 -270 )(-270 240 -210 -210 -300 30)))	(defvar *parameters* '((-210 120 0 -150 )(240 30 210 -90)))	(defvar *peso* 240)							0.7426470588235294
(defvar *ponderations* '((-270 180 150 240 150 -300 )(-90 90 -60 -210 270 60)))	(defvar *parameters* '((-150 150 90 210 )(210 -180 -210 -300)))	(defvar *peso* 60)							0.7279411764705882
(defvar *ponderations* '((0 -180 -300 210 -60 120 )(270 -150 30 -180 -120 240)))	(defvar *parameters* '((90 -60 60 30 )(180 90 300 -180)))	(defvar *peso* 300)							0.7426470588235294
(defvar *ponderations* '((-150 210 210 240 90 -90 )(0 -120 -120 -300 120 -60)))	(defvar *parameters* '((-60 30 -270 120 )(-150 60 240 30)))	(defvar *peso* 90)							0.7696078431372549
(defvar *ponderations* '((90 300 -60 -90 120 150 )(240 -150 -120 270 -120 -300)))	(defvar *parameters* '((-270 -120 150 150 )(90 -150 0 -120)))	(defvar *peso* 300)							0.7328431372549019
(defvar *ponderations* '((180 0 -180 180 -30 -150 )(-60 -30 -150 -300 -210 60)))	(defvar *parameters* '((-180 -150 90 240 )(300 240 -240 -270)))	(defvar *peso* 150)							0.7916666666666666
(defvar *ponderations* '((-270 0 30 30 -60 -270 )(300 150 -60 -180 120 -300)))	(defvar *parameters* '((0 180 150 210 )(-180 60 120 300)))	(defvar *peso* 60)							0.7867647058823529
(defvar *ponderations* '((-150 180 -300 240 -30 60 )(60 60 -180 -300 -270 180)))	(defvar *parameters* '((180 -60 -300 -30 )(-150 240 -300 -90)))	(defvar *peso* 120)							0.7524509803921569
(defvar *ponderations* '((0 -120 90 60 60 270 )(-60 150 0 -270 -60 -90)))	(defvar *parameters* '((180 240 270 120 )(270 210 0 90)))	(defvar *peso* 0)							0.7549019607843137
