

(defvar *ponderations* '((-300 150 150 -60 -90 60 )(240 210 120 0 180 -90)))
(defvar *parameters* '((-180 0 300 60 )(-150 -270 -30 -240)))
(defvar *peso* 0)							0.8823529411764706
(defvar *ponderations* '((210 -270 180 -240 180 90 )(30 180 -240 -240 -240 -60)))
(defvar *parameters* '((-270 240 -240 180 )(-300 240 -150 60)))
(defvar *peso* 210)							0.8823529411764706
(defvar *ponderations* '((240 -150 -120 -60 -180 -90 )(-180 -30 -90 0 -300 90)))
(defvar *parameters* '((-150 270 120 180 )(-300 180 -240 -30)))
(defvar *peso* 270)							0.8823529411764706
(defvar *ponderations* '((30 210 -30 -240 210 180 )(150 90 -150 -150 -240 210)))
(defvar *parameters* '((-300 -90 300 -60 )(0 30 -150 -90)))
(defvar *peso* 270)							0.8823529411764706
(defvar *ponderations* '((60 240 180 -300 -150 180 )(150 30 -30 -60 -90 -120)))
(defvar *parameters* '((-240 240 60 270 )(120 -30 -30 -90)))
(defvar *peso* 180)							0.8823529411764706
(defvar *ponderations* '((90 30 240 -30 -300 -270 )(30 -90 300 0 -150 -60)))
(defvar *parameters* '((-210 150 -150 90 )(150 -300 210 -120)))
(defvar *peso* 120)							0.8823529411764706
(defvar *ponderations* '((-270 150 -180 150 180 120 )(30 150 0 -60 -300 -60)))
(defvar *parameters* '((-60 30 180 90 )(-30 210 300 120)))
(defvar *peso* 0)							0.8848039215686274
(defvar *ponderations* '((-60 180 -240 -120 -270 -150 )(240 -90 -30 -300 -240 -270)))
(defvar *parameters* '((-270 -150 120 90 )(-60 210 60 120)))
(defvar *peso* 30)							0.8848039215686274
(defvar *ponderations* '((270 -210 300 120 0 -150 )(-30 -30 -90 0 -270 60)))
(defvar *parameters* '((-150 240 270 30 )(30 0 -120 150)))
(defvar *peso* 180)							0.8848039215686274
(defvar *ponderations* '((60 150 240 -180 -300 90 )(270 30 150 -240 -300 -240)))
(defvar *parameters* '((120 -30 -180 240 )(-270 -90 270 -300)))
(defvar *peso* 90)							0.8848039215686274
(defvar *ponderations* '((60 90 -120 90 -90 -300 )(150 150 270 -90 -240 -60)))
(defvar *parameters* '((-180 -30 270 90 )(210 -90 -30 -210)))
(defvar *peso* 150)							0.8848039215686274
(defvar *ponderations* '((-300 -270 -30 300 150 240 )(30 -210 60 -240 -180 -210)))
(defvar *parameters* '((-180 180 30 180 )(300 -150 150 -150)))
(defvar *peso* 150)							0.8872549019607843
(defvar *ponderations* '((0 240 -270 90 -150 -210 )(60 -180 -90 -210 -210 -120)))
(defvar *parameters* '((-240 0 30 120 )(60 -30 90 -270)))
(defvar *peso* 0)							0.8872549019607843
(defvar *ponderations* '((120 -210 -30 0 120 150 )(0 -30 -60 -30 -240 210)))
(defvar *parameters* '((-270 150 300 -90 )(120 300 -240 30)))
(defvar *peso* 90)							0.8872549019607843
(defvar *ponderations* '((120 60 -180 -240 -120 -300 )(0 -90 -60 -180 -300 -210)))
(defvar *parameters* '((90 240 0 60 )(-120 270 -210 -240)))
(defvar *peso* 180)							0.8872549019607843
(defvar *ponderations* '((30 180 270 30 -60 300 )(90 270 210 -210 -210 -120)))
(defvar *parameters* '((-300 -30 -60 150 )(0 -150 300 -240)))
(defvar *peso* 240)							0.8872549019607843
(defvar *ponderations* '((-150 300 270 -270 -210 -30 )(-60 -120 -150 -120 -150 -210)))
(defvar *parameters* '((30 0 300 90 )(180 180 0 -150)))
(defvar *peso* 0)							0.8897058823529411
(defvar *ponderations* '((-30 300 -120 240 240 -120 )(150 240 120 -240 -210 -150)))
(defvar *parameters* '((30 -240 0 120 )(120 -210 -270 -90)))
(defvar *peso* 210)							0.8897058823529411
(defvar *ponderations* '((150 -30 180 0 -150 -90 )(180 240 30 -300 -270 180)))
(defvar *parameters* '((-90 240 -30 210 )(-60 -120 -60 -90)))
(defvar *peso* 150)							0.8897058823529411
(defvar *ponderations* '((240 180 -30 -240 240 300 )(240 150 -90 -210 0 -300)))
(defvar *parameters* '((-120 60 300 90 )(300 30 120 -30)))
(defvar *peso* 210)							0.8897058823529411
(defvar *ponderations* '((-120 210 60 -240 -180 -270 )(60 60 150 -90 -240 270)))
(defvar *parameters* '((-90 270 -240 60 )(300 60 180 -90)))
(defvar *peso* 210)							0.8921568627450981
(defvar *ponderations* '((120 210 240 -150 210 60 )(30 150 -120 -180 -300 -150)))
(defvar *parameters* '((30 0 -300 90 )(300 150 120 -240)))
(defvar *peso* 300)							0.8921568627450981
(defvar *ponderations* '((150 270 -270 -90 240 180 )(150 60 -150 -210 -300 240)))
(defvar *parameters* '((-210 90 180 -30 )(-210 -270 300 -150)))
(defvar *peso* 150)							0.8921568627450981
(defvar *ponderations* '((240 180 180 240 -90 180 )(30 -240 240 -120 -270 -300)))
(defvar *parameters* '((-30 90 180 0 )(60 180 90 -300)))
(defvar *peso* 210)							0.8921568627450981
(defvar *ponderations* '((240 180 300 -270 -210 -270 )(210 120 270 0 -60 -60)))
(defvar *parameters* '((60 210 -120 210 )(240 0 240 -270)))
(defvar *peso* 300)							0.8921568627450981
(defvar *ponderations* '((300 300 270 -270 -240 240 )(-270 30 120 -150 -240 -30)))
(defvar *parameters* '((-240 270 -150 60 )(-300 210 120 60)))
(defvar *peso* 210)							0.8921568627450981
(defvar *ponderations* '((60 -30 60 270 30 150 )(-180 30 -300 -150 -150 -180)))
(defvar *parameters* '((-90 210 60 120 )(240 270 90 -60)))
(defvar *peso* 90)							0.8921568627450981
(defvar *ponderations* '((-90 240 -90 210 -300 60 )(0 -90 240 -240 -270 -240)))
(defvar *parameters* '((-150 60 -240 120 )(0 90 -60 -270)))
(defvar *peso* 150)							0.8946078431372549
(defvar *ponderations* '((0 300 180 270 240 270 )(60 -30 -240 -270 -90 -60)))
(defvar *parameters* '((-270 240 300 90 )(-210 -270 -240 -210)))
(defvar *peso* 0)							0.8946078431372549
(defvar *ponderations* '((-120 -60 -180 210 -30 270 )(30 -30 0 -150 -240 300)))
(defvar *parameters* '((-180 90 210 240 )(30 -240 180 -180)))
(defvar *peso* 180)							0.8970588235294118
(defvar *ponderations* '((-240 -90 270 300 150 240 )(-30 150 30 -150 -300 -240)))
(defvar *parameters* '((-180 90 -30 240 )(60 30 180 -60)))
(defvar *peso* 90)							0.8970588235294118
(defvar *ponderations* '((0 210 240 150 180 210 )(150 150 -30 -90 -240 120)))
(defvar *parameters* '((-300 -90 -210 120 )(150 60 -210 -210)))
(defvar *peso* 300)							0.8970588235294118
(defvar *ponderations* '((210 270 0 120 0 0 )(270 0 -180 -240 -270 -90)))
(defvar *parameters* '((-60 -90 0 90 )(-240 -210 -30 -270)))
(defvar *peso* 270)							0.8970588235294118
(defvar *ponderations* '((270 -60 -120 270 -240 -270 )(180 120 30 0 -180 180)))
(defvar *parameters* '((180 240 60 210 )(-30 300 180 -120)))
(defvar *peso* 300)							0.8970588235294118
(defvar *ponderations* '((-180 210 -60 -30 -90 -120 )(120 120 90 -240 -270 -150)))
(defvar *parameters* '((-270 180 120 300 )(-210 -180 60 -270)))
(defvar *peso* 300)							0.8995098039215687
(defvar *ponderations* '((180 -300 240 -90 -270 30 )(180 90 -300 -270 -270 -30)))
(defvar *parameters* '((-240 240 90 120 )(210 180 210 120)))
(defvar *peso* 150)							0.8995098039215687
(defvar *ponderations* '((-210 210 30 180 120 120 )(300 180 60 -300 -210 -60)))
(defvar *parameters* '((-300 -300 240 90 )(180 -120 120 -270)))
(defvar *peso* 150)							0.9019607843137255
(defvar *ponderations* '((270 240 -240 90 270 -120 )(120 -270 -240 -210 -270 90)))
(defvar *parameters* '((-300 210 -90 -30 )(-120 180 -30 0)))
(defvar *peso* 270)							0.9019607843137255
(defvar *ponderations* '((60 -120 270 180 210 90 )(240 270 -240 -210 0 -120)))
(defvar *parameters* '((-120 90 300 60 )(-150 -210 -300 -150)))
(defvar *peso* 0)							0.9019607843137255
(defvar *ponderations* '((-240 60 210 300 30 180 )(30 30 120 -120 -270 0)))
(defvar *parameters* '((-210 30 -210 90 )(210 90 -30 -120)))
(defvar *peso* 240)							0.9044117647058824
(defvar *ponderations* '((180 60 150 60 300 -240 )(270 270 -270 -60 -210 -90)))
(defvar *parameters* '((-180 -180 90 240 )(-300 -60 -150 -300)))
(defvar *peso* 180)							0.9044117647058824
(defvar *ponderations* '((270 0 240 -210 270 -120 )(-60 -30 30 -60 -150 -60)))
(defvar *parameters* '((-300 60 150 30 )(-180 90 -120 -270)))
(defvar *peso* 150)							0.9044117647058824
(defvar *ponderations* '((90 150 240 -270 60 270 )(-60 -30 -90 90 -270 270)))
(defvar *parameters* '((-270 210 300 -60 )(-300 -60 240 -60)))
(defvar *peso* 150)							0.9044117647058824
(defvar *ponderations* '((180 240 150 -150 -180 30 )(300 180 -30 -30 -90 -240)))
(defvar *parameters* '((-120 -150 180 150 )(-90 210 120 -210)))
(defvar *peso* 210)							0.9068627450980392
(defvar *ponderations* '((180 270 -180 90 -270 180 )(-300 -240 -60 -210 -300 270)))
(defvar *parameters* '((120 120 -270 150 )(-120 -90 -300 -240)))
(defvar *peso* 180)							0.9093137254901961
(defvar *ponderations* '((30 90 180 300 -270 -180 )(270 -120 -150 -300 -270 -210)))
(defvar *parameters* '((-300 -180 270 210 )(-30 240 120 30)))
(defvar *peso* 300)							0.9093137254901961
(defvar *ponderations* '((0 210 -270 210 300 210 )(90 90 -30 -90 -30 -150)))
(defvar *parameters* '((-150 0 240 30 )(300 90 270 -180)))
(defvar *peso* 60)							0.9117647058823529
(defvar *ponderations* '((-60 -90 210 300 -270 -150 )(90 -30 0 -150 -300 -180)))
(defvar *parameters* '((-60 300 300 90 )(150 30 30 -210)))
(defvar *peso* 90)							0.9142156862745098
(defvar *ponderations* '((270 210 -300 -300 -30 300 )(120 150 -300 -210 -120 -120)))
(defvar *parameters* '((-300 0 90 120 )(-60 -300 210 -180)))
(defvar *peso* 120)							0.9142156862745098
(defvar *ponderations* '((-150 270 270 60 -120 -60 )(90 180 -180 -300 -150 -150)))
(defvar *parameters* '((-120 -60 0 150 )(30 210 30 -30)))
(defvar *peso* 120)							0.9166666666666666
(defvar *ponderations* '((300 210 -210 -150 -300 -180 )(270 60 -300 -60 -180 -180)))
(defvar *parameters* '((-60 60 60 60 )(90 30 -120 -270)))
(defvar *peso* 210)							0.9166666666666666
(defvar *ponderations* '((90 210 300 210 -60 -240 )(0 30 -150 -90 -180 -240)))
(defvar *parameters* '((-300 -90 150 30 )(-300 210 -60 -30)))
(defvar *peso* 240)							0.9166666666666666
(defvar *ponderations* '((-240 270 210 -90 180 90 )(30 240 60 -300 -180 -180)))
(defvar *parameters* '((-60 150 210 150 )(150 -120 -150 -240)))
(defvar *peso* 240)							0.9191176470588235
(defvar *ponderations* '((240 300 240 210 -120 -150 )(240 -90 -180 -240 -90 -210)))
(defvar *parameters* '((30 240 0 210 )(60 -270 270 -300)))
(defvar *peso* 240)							0.9240196078431373
(defvar *ponderations* '((300 270 120 240 -30 -90 )(180 -180 150 -90 -150 300)))
(defvar *parameters* '((-240 180 0 0 )(210 30 120 -90)))
(defvar *peso* 210)							0.9240196078431373
(defvar *ponderations* '((90 -30 180 300 270 240 )(0 240 -60 -180 -240 -300)))
(defvar *parameters* '((-270 -180 210 -30 )(210 60 90 0)))
(defvar *peso* 210)							0.9264705882352942
(defvar *ponderations* '((-90 120 180 150 0 0 )(30 120 210 -180 -150 180)))
(defvar *parameters* '((-270 270 -150 30 )(270 -120 120 -210)))
(defvar *peso* 240)							0.928921568627451
(defvar *ponderations* '((-60 30 60 -90 180 300 )(240 270 0 -120 -240 -270)))
(defvar *parameters* '((-90 -30 240 0 )(-300 30 0 -60)))
(defvar *peso* 30)							0.9313725490196079
(defvar *ponderations* '((60 -150 -120 -180 240 -180 )(300 0 -120 -60 -150 -240)))
(defvar *parameters* '((-300 150 -30 90 )(180 30 -270 -60)))
(defvar *peso* 60)							0.9313725490196079
(defvar *ponderations* '((-150 30 270 -180 300 300 )(90 240 -150 -150 -240 -90)))
(defvar *parameters* '((-210 270 270 270 )(-60 210 -300 -210)))
(defvar *peso* 180)							0.9338235294117647
(defvar *ponderations* '((-300 210 -240 90 240 -210 )(-30 240 -300 -300 -240 -300)))
(defvar *parameters* '((-210 180 270 90 )(300 -270 270 -180)))
(defvar *peso* 240)							0.9362745098039216
(defvar *ponderations* '((30 -60 -240 -30 120 210 )(240 180 0 -120 -180 -90)))
(defvar *parameters* '((-270 30 0 150 )(150 90 30 -150)))
(defvar *peso* 150)							0.9436274509803921
