(defvar *ponderations* '((-270 90 -300 120 30 120 )(-30 180 270 -30 0 -180)))	(defvar *parameters* '((0 240 -270 210 )(90 -120 -90 -210)))	(defvar *peso* 240)							0.7965686274509803
(defvar *ponderations* '((-150 -180 240 -30 210 90 )(60 210 -210 -270 60 -150)))	(defvar *parameters* '((150 120 270 180 )(180 -210 210 -240)))	(defvar *peso* 0)							0.8161764705882353
(defvar *ponderations* '((240 -90 270 30 -300 -150 )(270 -300 150 -60 -30 -300)))	(defvar *parameters* '((210 90 -240 150 )(30 -150 -30 -90)))	(defvar *peso* 150)							0.7745098039215687
(defvar *ponderations* '((-150 30 -150 -240 30 300 )(240 0 0 -120 -270 240)))	(defvar *parameters* '((-300 60 -150 -30 )(-180 90 0 60)))	(defvar *peso* 30)							0.7769607843137255
(defvar *ponderations* '((270 -30 90 60 270 -30 )(120 60 0 150 -240 -240)))	(defvar *parameters* '((150 -240 -240 60 )(-300 120 -180 -180)))	(defvar *peso* 150)							0.7720588235294118
(defvar *ponderations* '((240 180 -240 -210 150 -210 )(180 240 -120 240 0 -300)))	(defvar *parameters* '((-120 120 30 150 )(300 -270 -270 -270)))	(defvar *peso* 300)							0.8259803921568627
(defvar *ponderations* '((300 180 30 -150 180 -120 )(210 240 -180 -210 -90 180)))	(defvar *parameters* '((-180 30 300 210 )(-90 90 210 60)))	(defvar *peso* 150)							0.7892156862745098
(defvar *ponderations* '((60 90 30 60 270 180 )(150 60 30 -300 60 60)))	(defvar *parameters* '((-300 0 -60 90 )(-210 180 210 -120)))	(defvar *peso* 120)							0.8137254901960784
(defvar *ponderations* '((180 300 -120 -120 -240 -210 )(120 120 -270 -30 -300 270)))	(defvar *parameters* '((-240 210 240 270 )(210 -30 180 -120)))	(defvar *peso* 60)							0.7794117647058824
(defvar *ponderations* '((-180 270 240 120 270 -300 )(-270 -90 -240 -240 -300 -60)))	(defvar *parameters* '((-270 120 -180 -150 )(180 -270 -300 -210)))	(defvar *peso* 300)							0.7524509803921569
(defvar *ponderations* '((180 -180 -90 -60 300 -30 )(210 240 -90 90 30 60)))	(defvar *parameters* '((-240 -30 -180 120 )(150 210 -210 30)))	(defvar *peso* 120)							0.8186274509803921
(defvar *ponderations* '((-300 120 -210 -90 300 60 )(150 -180 -30 60 90 90)))	(defvar *parameters* '((-210 150 180 240 )(30 -30 -90 -270)))	(defvar *peso* 150)							0.7990196078431373
(defvar *ponderations* '((150 120 -60 210 -30 120 )(240 240 -240 -270 -240 -270)))	(defvar *parameters* '((-120 -60 -240 30 )(150 -270 -300 -270)))	(defvar *peso* 240)							0.8651960784313726
(defvar *ponderations* '((150 210 -120 120 -60 90 )(-210 -180 -240 30 -120 210)))	(defvar *parameters* '((-300 -270 60 60 )(270 -30 270 -60)))	(defvar *peso* 90)							0.8259803921568627
(defvar *ponderations* '((-180 -210 -120 210 -30 120 )(90 90 240 -90 90 30)))	(defvar *parameters* '((-210 -120 -60 270 )(-150 -270 -60 -300)))	(defvar *peso* 180)							0.8112745098039216
(defvar *ponderations* '((-180 -150 210 0 -90 -120 )(-150 -270 -270 -270 -90 210)))	(defvar *parameters* '((-60 90 30 90 )(-60 30 -120 -90)))	(defvar *peso* 90)							0.7622549019607843
(defvar *ponderations* '((-30 180 0 -240 -300 -180 )(180 120 150 -270 90 -120)))	(defvar *parameters* '((-30 -210 -120 90 )(-150 -90 150 -240)))	(defvar *peso* 120)							0.803921568627451
(defvar *ponderations* '((60 -240 210 210 240 -210 )(-210 -270 -60 -150 -210 150)))	(defvar *parameters* '((0 270 -210 150 )(90 60 60 -180)))	(defvar *peso* 270)							0.8333333333333334
(defvar *ponderations* '((-150 -240 240 90 -210 -90 )(240 -30 120 -270 -30 -300)))	(defvar *parameters* '((-90 150 -240 270 )(-30 -270 -90 -60)))	(defvar *peso* 150)							0.8014705882352942
(defvar *ponderations* '((30 -240 60 -240 270 180 )(-300 30 -210 -60 120 -300)))	(defvar *parameters* '((0 60 -30 210 )(-210 -180 -270 -210)))	(defvar *peso* 60)							0.7598039215686274
(defvar *ponderations* '((240 90 180 -180 60 90 )(90 -240 270 120 -150 -90)))	(defvar *parameters* '((-300 60 -240 150 )(-150 -60 -30 -270)))	(defvar *peso* 120)							0.8063725490196079
(defvar *ponderations* '((240 180 300 -270 -210 -270 )(210 120 270 0 -60 -60)))	(defvar *parameters* '((60 210 -120 210 )(240 0 240 -270)))	(defvar *peso* 300)							0.8921568627450981
(defvar *ponderations* '((300 90 210 60 30 120 )(90 -150 -270 -60 30 -210)))	(defvar *parameters* '((-240 240 150 60 )(-270 -120 60 -270)))	(defvar *peso* 210)							0.8088235294117647
(defvar *ponderations* '((-270 210 -60 210 0 180 )(-30 90 120 -270 -120 90)))	(defvar *parameters* '((90 -240 -210 90 )(-300 270 -150 -60)))	(defvar *peso* 60)							0.7549019607843137
(defvar *ponderations* '((180 -90 -120 -60 30 120 )(-30 0 -30 270 -210 -180)))	(defvar *parameters* '((-180 210 300 120 )(30 -300 -210 -300)))	(defvar *peso* 270)							0.7745098039215687
(defvar *ponderations* '((-30 240 300 -300 270 -240 )(150 90 -240 180 -150 60)))	(defvar *parameters* '((-60 0 150 180 )(-150 -270 300 -300)))	(defvar *peso* 90)							0.7916666666666666
(defvar *ponderations* '((180 -180 210 300 -30 90 )(90 240 240 -60 0 300)))	(defvar *parameters* '((-270 -120 180 210 )(60 -180 -180 -180)))	(defvar *peso* 300)							0.8357843137254902
(defvar *ponderations* '((-270 -270 -30 60 -240 240 )(210 300 150 -30 -270 -120)))	(defvar *parameters* '((-180 120 210 -60 )(120 180 90 -150)))	(defvar *peso* 240)							0.803921568627451
(defvar *ponderations* '((210 -150 300 90 -30 210 )(150 -240 -300 -180 -30 30)))	(defvar *parameters* '((-300 210 90 270 )(-150 210 -240 -270)))	(defvar *peso* 0)							0.803921568627451
(defvar *ponderations* '((-300 90 30 150 -90 -300 )(150 180 -30 150 -270 -300)))	(defvar *parameters* '((90 30 270 150 )(60 120 -60 -300)))	(defvar *peso* 0)							0.8259803921568627
(defvar *ponderations* '((270 -210 300 120 0 -150 )(-30 -30 -90 0 -270 60)))	(defvar *parameters* '((-150 240 270 30 )(30 0 -120 150)))	(defvar *peso* 180)							0.8848039215686274
(defvar *ponderations* '((240 -120 -180 -60 -90 -150 )(240 180 -120 -180 -120 -150)))	(defvar *parameters* '((-30 -90 -270 150 )(-300 240 0 -90)))	(defvar *peso* 120)							0.821078431372549
(defvar *ponderations* '((210 -90 150 240 60 -270 )(270 300 -120 270 -30 -240)))	(defvar *parameters* '((-150 -30 -150 270 )(-30 60 30 -180)))	(defvar *peso* 180)							0.8308823529411765
(defvar *ponderations* '((60 -90 -210 150 210 -120 )(180 -30 60 -300 -240 -240)))	(defvar *parameters* '((-90 30 30 240 )(-90 270 -180 -120)))	(defvar *peso* 60)							0.8455882352941176
(defvar *ponderations* '((240 30 -150 -90 -30 240 )(120 60 210 -120 -210 150)))	(defvar *parameters* '((-210 150 90 -60 )(300 -90 30 -180)))	(defvar *peso* 270)							0.8382352941176471
(defvar *ponderations* '((300 -90 90 -210 120 90 )(150 180 240 60 -300 240)))	(defvar *parameters* '((120 -30 -210 -30 )(-180 0 210 150)))	(defvar *peso* 60)							0.8357843137254902
(defvar *ponderations* '((-90 270 -210 -210 -60 -90 )(300 0 270 -300 -60 -270)))	(defvar *parameters* '((-120 -60 0 30 )(300 180 -90 -270)))	(defvar *peso* 90)							0.8284313725490197
(defvar *ponderations* '((270 120 -210 210 -270 30 )(300 -180 -150 90 -150 -120)))	(defvar *parameters* '((-240 0 30 30 )(-90 -150 -90 -210)))	(defvar *peso* 240)							0.8431372549019608
(defvar *ponderations* '((210 -180 -30 210 180 -210 )(270 -270 -150 -240 -300 -150)))	(defvar *parameters* '((-180 30 180 90 )(300 -30 -120 -60)))	(defvar *peso* 180)							0.8578431372549019
