(defvar *ponderations* '((30 180 270 -180 0 120 )(-270 300 180 -90 -270 270)))	(defvar *parameters* '((-120 0 -30 240 )(0 120 30 -180)))	(defvar *peso* 210)							0.8504901960784313
(defvar *ponderations* '((90 -270 300 -150 90 -150 )(240 300 240 -210 -120 270)))	(defvar *parameters* '((-210 150 -120 120 )(270 -120 90 150)))	(defvar *peso* 120)							0.8578431372549019
(defvar *ponderations* '((-270 0 240 -120 0 180 )(150 300 -240 0 -300 -270)))	(defvar *parameters* '((-30 60 -300 180 )(240 120 -120 -240)))	(defvar *peso* 60)							0.8553921568627451
(defvar *ponderations* '((0 240 -270 90 -150 -210 )(60 -180 -90 -210 -210 -120)))	(defvar *parameters* '((-240 0 30 120 )(60 -30 90 -270)))	(defvar *peso* 0)							0.8872549019607843
(defvar *ponderations* '((-90 240 120 -240 240 300 )(120 90 270 -180 -300 -240)))	(defvar *parameters* '((180 120 -150 120 )(-210 -90 270 -240)))	(defvar *peso* 270)							0.8578431372549019
(defvar *ponderations* '((-300 -270 -30 300 150 240 )(30 -210 60 -240 -180 -210)))	(defvar *parameters* '((-180 180 30 180 )(300 -150 150 -150)))	(defvar *peso* 150)							0.8872549019607843
(defvar *ponderations* '((90 -150 180 -30 -270 -240 )(-120 180 90 -150 -90 -210)))	(defvar *parameters* '((-270 270 300 150 )(0 90 0 -30)))	(defvar *peso* 90)							0.8602941176470589
(defvar *ponderations* '((120 -210 -30 0 120 150 )(0 -30 -60 -30 -240 210)))	(defvar *parameters* '((-270 150 300 -90 )(120 300 -240 30)))	(defvar *peso* 90)							0.8872549019607843
(defvar *ponderations* '((30 90 180 300 -270 -180 )(270 -120 -150 -300 -270 -210)))	(defvar *parameters* '((-300 -180 270 210 )(-30 240 120 30)))	(defvar *peso* 300)							0.9093137254901961
(defvar *ponderations* '((240 150 -150 -120 0 30 )(30 270 30 -90 -300 -300)))	(defvar *parameters* '((-180 150 180 240 )(-180 180 240 0)))	(defvar *peso* 90)							0.8725490196078431
(defvar *ponderations* '((90 -270 -60 300 150 -300 )(90 90 120 -240 120 -90)))	(defvar *parameters* '((-240 60 120 120 )(-120 -30 120 -150)))	(defvar *peso* 60)							0.8676470588235294
(defvar *ponderations* '((150 210 210 -240 240 -120 )(150 180 180 90 -240 180)))	(defvar *parameters* '((-300 120 30 210 )(150 -120 120 -150)))	(defvar *peso* 150)							0.8651960784313726
(defvar *ponderations* '((-60 30 240 -300 -90 -30 )(150 30 -150 -240 120 -180)))	(defvar *parameters* '((-90 150 30 210 )(180 -150 -90 -120)))	(defvar *peso* 150)							0.8799019607843137
(defvar *ponderations* '((90 270 -210 -150 210 300 )(120 150 -180 -270 -210 240)))	(defvar *parameters* '((60 90 90 -30 )(-210 -240 60 -90)))	(defvar *peso* 60)							0.8602941176470589
(defvar *ponderations* '((270 210 -300 -300 -30 300 )(120 150 -300 -210 -120 -120)))	(defvar *parameters* '((-300 0 90 120 )(-60 -300 210 -180)))	(defvar *peso* 120)							0.9142156862745098
(defvar *ponderations* '((0 300 180 270 240 270 )(60 -30 -240 -270 -90 -60)))	(defvar *parameters* '((-270 240 300 90 )(-210 -270 -240 -210)))	(defvar *peso* 0)							0.8946078431372549
(defvar *ponderations* '((-240 30 -240 90 120 -60 )(0 180 30 -300 -300 60)))	(defvar *parameters* '((-120 -210 90 240 )(-180 30 240 -60)))	(defvar *peso* 180)							0.8504901960784313
(defvar *ponderations* '((270 -30 -120 -120 -90 -120 )(300 210 210 -120 -150 300)))	(defvar *parameters* '((-150 180 -270 30 )(-300 180 -270 -210)))	(defvar *peso* 150)							0.8504901960784313
(defvar *ponderations* '((60 -120 270 180 210 90 )(240 270 -240 -210 0 -120)))	(defvar *parameters* '((-120 90 300 60 )(-150 -210 -300 -150)))	(defvar *peso* 0)							0.9019607843137255
