-80 44 84 44 -112 -88 -12 -36 -80 -96 -44 -92 -104 100 -84 68 -20 -68 -88 48
-72 112 120 -64 72 116 40 20 72 16 -40 -64 -4 -4 -72 60 -112 -40 100 100
16 84 -72 64 0 -88 12 -32 -76 -100 -96 -108 -60 -84 -96 -24 -60 104 -100 -48
84 -76 52 -28 88 8 80 28 48 16 -84 -112 16 -112 100 -112 -116 84 68 32
-48 92 116 -20 -92 32 4 68 84 -56 -84 -88 -84 -72 84 -112 -40 28 -8 20
-112 44 -68 16 100 -116 -28 36 -8 -80 -104 -76 -68 12 88 48 20 -4 -40 56
-32 92 0 -60 84 -88 -24 0 -40 -32 -104 -104 116 -68 68 -112 68 0 56 -80
36 -120 52 68 -48 108 -92 -68 20 -56 -108 -112 -68 64 -44 -12 -96 68 116 -88
80 32 -112 60 52 -68 28 -28 -60 -60 -40 -100 20 -44 16 -12 84 84 -104 -88
60 100 24 12 -48 -116 92 84 16 -16 28 -64 20 84 12 -56 8 100 -48 -76
-64 88 76 -20 32 -20 12 8 -12 -36 -112 -64 -8 -20 120 -52 -4 52 104 36
48 48 64 -96 -116 -100 48 -28 -32 -108 -12 -56 -40 -72 -12 -12 -48 88 -92 -64
12 92 -96 0 8 48 -36 -52 -72 -60 -36 -80 -80 -56 24 -32 -104 28 -4 4
-4 84 88 -92 -60 -112 12 -44 88 -80 -120 -100 36 40 -72 -48 -96 -108 -20 -20
84 -16 100 108 -112 -48 40 16 -96 -28 -112 -40 48 -116 108 -20 92 -88 -48 -116
4 60 -76 -72 -24 120 64 104 32 -56 8 -52 36 -60 64 80 -96 60 0 44
-24 40 116 -116 24 -72 96 -52 -16 -32 -36 -32 8 -28 64 16 44 56 4 12
88 108 112 -68 -60 -72 8 -96 -84 4 -56 -40 -80 -96 44 -36 48 -96 108 108
-52 -92 76 56 8 92 88 -36 -60 -56 -64 -100 32 -20 -28 92 -52 -36 -100 -60
0 -72 96 -120 48 36 72 -16 -40 -32 -56 -64 -88 -8 -20 16 -80 -52 52 52
