0 0 0 100 125 25 0 0 0 75 150 50    -18.000000000000004
0 0 0 100 150 25 0 0 0 75 125 50    -18.000000000000004
0 0 0 100 50 25 0 0 0 125 150 75    -18.000000000000004
0 0 0 100 75 25 0 0 0 125 150 50    -18.000000000000004
0 0 0 125 100 25 0 0 0 75 150 50    -18.000000000000004
0 0 0 125 150 25 0 0 0 75 100 50    -18.000000000000004
0 0 0 125 50 25 0 0 0 100 150 75    -18.000000000000004
0 0 0 125 75 25 0 0 0 100 150 50    -18.000000000000004
0 0 0 150 100 25 0 0 0 75 125 50    -18.000000000000004
0 0 0 150 125 25 0 0 0 75 100 50    -18.000000000000004
0 0 0 150 50 25 0 0 0 100 125 75    -18.000000000000004
0 0 0 150 75 25 0 0 0 100 125 50    -18.000000000000004
0 0 0 50 100 25 0 0 0 125 150 75    -18.000000000000004
0 0 0 50 125 25 0 0 0 100 150 75    -18.000000000000004
0 0 0 50 150 25 0 0 0 100 125 75    -18.000000000000004
0 0 0 50 75 25 0 0 0 125 150 100    -18.000000000000004
0 0 0 75 100 25 0 0 0 125 150 50    -18.000000000000004
0 0 0 75 125 25 0 0 0 100 150 50    -18.000000000000004
0 0 0 75 150 25 0 0 0 100 125 50    -18.000000000000004
0 0 0 75 50 25 0 0 0 125 150 100    -18.000000000000004
0 0 0 25 50 75 0 0 0 150 100 125    -15.999999999999998
0 0 0 50 25 75 0 0 0 150 100 125    -15.999999999999998
0 0 0 75 25 50 0 0 0 150 100 125    -15.999999999999998
0 0 0 75 50 25 0 0 0 150 100 125    -15.999999999999998
0 0 0 100 150 50 0 0 0 25 75 125    -14.000000000000002
0 0 0 100 150 75 0 0 0 25 50 125    -14.000000000000002
0 0 0 100 50 150 0 0 0 25 75 125    -14.000000000000002
0 0 0 100 75 150 0 0 0 25 50 125    -14.000000000000002
0 0 0 150 100 50 0 0 0 25 75 125    -14.000000000000002
0 0 0 150 100 75 0 0 0 25 50 125    -14.000000000000002
0 0 0 150 50 100 0 0 0 25 75 125    -14.000000000000002
0 0 0 150 75 100 0 0 0 25 50 125    -14.000000000000002
0 0 0 50 100 150 0 0 0 25 75 125    -14.000000000000002
0 0 0 50 150 100 0 0 0 25 75 125    -14.000000000000002
0 0 0 75 100 150 0 0 0 25 50 125    -14.000000000000002
0 0 0 75 150 100 0 0 0 25 50 125    -14.000000000000002
0 0 0 75 25 125 0 0 0 50 100 150    -14.000000000000002
0 0 0 100 125 50 0 0 0 25 150 75    -11.999999999999998
0 0 0 100 125 75 0 0 0 25 150 50    -11.999999999999998
0 0 0 100 150 50 0 0 0 25 125 75    -11.999999999999998
0 0 0 100 150 75 0 0 0 25 125 50    -11.999999999999998
0 0 0 100 25 50 0 0 0 125 150 75    -11.999999999999998
0 0 0 100 50 125 0 0 0 25 150 75    -11.999999999999998
0 0 0 100 50 150 0 0 0 25 125 75    -11.999999999999998
0 0 0 100 50 25 0 0 0 75 150 125    -11.999999999999998
0 0 0 100 50 75 0 0 0 25 150 125    -11.999999999999998
0 0 0 100 75 125 0 0 0 25 150 50    -11.999999999999998
0 0 0 100 75 150 0 0 0 25 125 50    -11.999999999999998
0 0 0 100 75 50 0 0 0 25 150 125    -11.999999999999998
0 0 0 125 100 50 0 0 0 25 150 75    -11.999999999999998
0 0 0 125 100 75 0 0 0 25 150 50    -11.999999999999998
0 0 0 125 150 50 0 0 0 25 100 75    -11.999999999999998
0 0 0 125 150 50 0 0 0 25 75 100    -11.999999999999998
0 0 0 125 25 100 0 0 0 50 75 150    -11.999999999999998
0 0 0 125 25 50 0 0 0 100 150 75    -11.999999999999998
0 0 0 125 50 100 0 0 0 25 150 75    -11.999999999999998
0 0 0 125 50 150 0 0 0 25 100 75    -11.999999999999998
0 0 0 125 50 150 0 0 0 25 75 100    -11.999999999999998
0 0 0 125 50 25 0 0 0 75 150 100    -11.999999999999998
0 0 0 125 50 75 0 0 0 25 150 100    -11.999999999999998
0 0 0 125 75 100 0 0 0 25 150 50    -11.999999999999998
0 0 0 125 75 50 0 0 0 25 150 100    -11.999999999999998
0 0 0 150 100 50 0 0 0 25 125 75    -11.999999999999998
0 0 0 150 100 75 0 0 0 25 125 50    -11.999999999999998
0 0 0 150 125 50 0 0 0 25 100 75    -11.999999999999998
0 0 0 150 125 50 0 0 0 25 75 100    -11.999999999999998
0 0 0 150 25 100 0 0 0 50 75 125    -11.999999999999998
0 0 0 150 25 50 0 0 0 100 125 75    -11.999999999999998
0 0 0 150 50 100 0 0 0 25 125 75    -11.999999999999998
0 0 0 150 50 125 0 0 0 25 100 75    -11.999999999999998
0 0 0 150 50 125 0 0 0 25 75 100    -11.999999999999998
0 0 0 150 50 25 0 0 0 75 125 100    -11.999999999999998
0 0 0 150 50 75 0 0 0 25 100 125    -11.999999999999998
0 0 0 150 50 75 0 0 0 25 125 100    -11.999999999999998
0 0 0 150 75 100 0 0 0 25 125 50    -11.999999999999998
0 0 0 150 75 50 0 0 0 100 125 25    -11.999999999999998
0 0 0 150 75 50 0 0 0 25 100 125    -11.999999999999998
0 0 0 150 75 50 0 0 0 25 125 100    -11.999999999999998
0 0 0 25 100 50 0 0 0 125 150 75    -11.999999999999998
0 0 0 25 125 50 0 0 0 100 150 75    -11.999999999999998
0 0 0 25 150 50 0 0 0 100 125 75    -11.999999999999998
0 0 0 25 50 75 0 0 0 100 125 150    -11.999999999999998
0 0 0 25 50 75 0 0 0 125 150 100    -11.999999999999998
0 0 0 25 75 50 0 0 0 100 150 125    -11.999999999999998
0 0 0 25 75 50 0 0 0 125 150 100    -11.999999999999998
0 0 0 50 100 125 0 0 0 25 150 75    -11.999999999999998
0 0 0 50 100 150 0 0 0 25 125 75    -11.999999999999998
0 0 0 50 100 25 0 0 0 75 150 125    -11.999999999999998
0 0 0 50 100 75 0 0 0 25 150 125    -11.999999999999998
0 0 0 50 125 100 0 0 0 25 150 75    -11.999999999999998
0 0 0 50 125 150 0 0 0 25 100 75    -11.999999999999998
0 0 0 50 125 150 0 0 0 25 75 100    -11.999999999999998
0 0 0 50 125 75 0 0 0 25 150 100    -11.999999999999998
0 0 0 50 150 100 0 0 0 25 125 75    -11.999999999999998
0 0 0 50 150 125 0 0 0 25 100 75    -11.999999999999998
0 0 0 50 150 125 0 0 0 25 75 100    -11.999999999999998
0 0 0 50 150 75 0 0 0 25 100 125    -11.999999999999998
0 0 0 50 150 75 0 0 0 25 125 100    -11.999999999999998
0 0 0 50 25 75 0 0 0 100 125 150    -11.999999999999998
0 0 0 50 25 75 0 0 0 125 150 100    -11.999999999999998
0 0 0 50 75 100 0 0 0 25 150 125    -11.999999999999998
0 0 0 50 75 125 0 0 0 25 150 100    -11.999999999999998
0 0 0 50 75 150 0 0 0 25 100 125    -11.999999999999998
0 0 0 50 75 150 0 0 0 25 125 100    -11.999999999999998
0 0 0 50 75 25 0 0 0 100 150 125    -11.999999999999998
0 0 0 75 100 125 0 0 0 25 150 50    -11.999999999999998
0 0 0 75 100 150 0 0 0 25 125 50    -11.999999999999998
0 0 0 75 100 50 0 0 0 25 150 125    -11.999999999999998
0 0 0 75 125 100 0 0 0 25 150 50    -11.999999999999998
0 0 0 75 125 50 0 0 0 25 150 100    -11.999999999999998
0 0 0 75 150 100 0 0 0 25 125 50    -11.999999999999998
0 0 0 75 150 50 0 0 0 100 125 25    -11.999999999999998
0 0 0 75 150 50 0 0 0 25 100 125    -11.999999999999998
0 0 0 75 150 50 0 0 0 25 125 100    -11.999999999999998
0 0 0 75 25 100 0 0 0 50 125 150    -11.999999999999998
0 0 0 75 25 50 0 0 0 100 150 125    -11.999999999999998
0 0 0 75 25 50 0 0 0 125 150 100    -11.999999999999998
0 0 0 75 50 100 0 0 0 25 150 125    -11.999999999999998
0 0 0 75 50 125 0 0 0 25 150 100    -11.999999999999998
0 0 0 75 50 150 0 0 0 25 100 125    -11.999999999999998
0 0 0 75 50 150 0 0 0 25 125 100    -11.999999999999998
0 0 0 75 50 25 0 0 0 100 150 125    -11.999999999999998
0 0 0 100 125 25 0 0 0 50 75 150    -10.0
0 0 0 100 150 25 0 0 0 50 75 125    -10.0
0 0 0 100 25 50 0 0 0 75 125 150    -10.0
0 0 0 100 25 75 0 0 0 50 125 150    -10.0
0 0 0 100 50 25 0 0 0 75 125 150    -10.0
0 0 0 100 75 25 0 0 0 50 125 150    -10.0
0 0 0 125 100 25 0 0 0 150 75 50    -10.0
0 0 0 125 100 25 0 0 0 50 75 150    -10.0
0 0 0 125 150 25 0 0 0 50 75 100    -10.0
0 0 0 125 25 50 0 0 0 75 100 150    -10.0
0 0 0 125 25 75 0 0 0 50 100 150    -10.0
0 0 0 125 50 25 0 0 0 100 75 150    -10.0
0 0 0 125 50 25 0 0 0 75 100 150    -10.0
0 0 0 125 75 25 0 0 0 50 100 150    -10.0
0 0 0 150 100 25 0 0 0 50 75 125    -10.0
0 0 0 150 125 25 0 0 0 50 75 100    -10.0
0 0 0 150 25 50 0 0 0 75 100 125    -10.0
0 0 0 150 25 75 0 0 0 50 100 125    -10.0
0 0 0 150 75 25 0 0 0 50 100 125    -10.0
0 0 0 25 75 50 0 0 0 100 125 150    -10.0
0 0 0 50 100 25 0 0 0 75 125 150    -10.0
0 0 0 50 125 25 0 0 0 75 100 150    -10.0
0 0 0 50 150 25 0 0 0 75 100 125    -10.0
0 0 0 50 75 25 0 0 0 100 125 150    -10.0
0 0 0 75 100 25 0 0 0 50 125 150    -10.0
0 0 0 75 125 25 0 0 0 50 100 150    -10.0
0 0 0 75 150 25 0 0 0 50 100 125    -10.0
0 0 0 75 25 50 0 0 0 100 125 150    -10.0
0 0 0 75 50 25 0 0 0 100 125 150    -10.0
0 0 0 100 50 25 0 0 0 125 75 150    -7.999999999999999
0 0 0 100 50 25 0 0 0 150 125 75    -7.999999999999999
0 0 0 100 75 125 0 0 0 50 150 25    -7.999999999999999
0 0 0 100 75 150 0 0 0 50 125 25    -7.999999999999999
0 0 0 100 75 25 0 0 0 125 50 150    -7.999999999999999
0 0 0 100 75 25 0 0 0 150 125 50    -7.999999999999999
0 0 0 125 50 25 0 0 0 150 100 75    -7.999999999999999
0 0 0 125 75 100 0 0 0 50 150 25    -7.999999999999999
0 0 0 125 75 25 0 0 0 150 100 50    -7.999999999999999
0 0 0 150 100 25 0 0 0 125 75 50    -7.999999999999999
0 0 0 150 50 25 0 0 0 125 100 75    -7.999999999999999
0 0 0 150 75 100 0 0 0 50 125 25    -7.999999999999999
0 0 0 150 75 25 0 0 0 125 100 50    -7.999999999999999
0 0 0 50 100 25 0 0 0 150 125 75    -7.999999999999999
0 0 0 50 125 25 0 0 0 150 100 75    -7.999999999999999
0 0 0 50 150 25 0 0 0 125 100 75    -7.999999999999999
0 0 0 50 75 25 0 0 0 150 125 100    -7.999999999999999
0 0 0 75 100 125 0 0 0 50 150 25    -7.999999999999999
0 0 0 75 100 150 0 0 0 50 125 25    -7.999999999999999
0 0 0 75 100 25 0 0 0 125 50 150    -7.999999999999999
0 0 0 75 50 25 0 0 0 125 100 150    -7.999999999999999
0 0 0 75 50 25 0 0 0 150 125 100    -7.999999999999999
0 0 0 100 125 150 0 0 0 50 25 75    -5.999999999999999
0 0 0 100 125 150 0 0 0 75 25 50    -5.999999999999999
0 0 0 100 125 25 0 0 0 150 50 75    -5.999999999999999
0 0 0 100 125 50 0 0 0 150 25 75    -5.999999999999999
0 0 0 100 125 50 0 0 0 75 150 25    -5.999999999999999
0 0 0 100 125 75 0 0 0 150 25 50    -5.999999999999999
0 0 0 100 125 75 0 0 0 50 150 25    -5.999999999999999
0 0 0 100 150 125 0 0 0 50 25 75    -5.999999999999999
0 0 0 100 150 125 0 0 0 75 25 50    -5.999999999999999
0 0 0 100 150 25 0 0 0 125 50 75    -5.999999999999999
0 0 0 100 150 25 0 0 0 75 50 125    -5.999999999999999
0 0 0 100 150 50 0 0 0 125 25 75    -5.999999999999999
0 0 0 100 150 75 0 0 0 125 25 50    -5.999999999999999
0 0 0 100 150 75 0 0 0 50 125 25    -5.999999999999999
0 0 0 100 25 125 0 0 0 150 50 75    -5.999999999999999
0 0 0 100 25 150 0 0 0 125 50 75    -5.999999999999999
0 0 0 100 25 150 0 0 0 75 50 125    -5.999999999999999
0 0 0 100 25 50 0 0 0 125 75 150    -5.999999999999999
0 0 0 100 25 50 0 0 0 150 75 125    -5.999999999999999
0 0 0 100 25 75 0 0 0 125 50 150    -5.999999999999999
0 0 0 100 25 75 0 0 0 150 50 125    -5.999999999999999
0 0 0 100 50 125 0 0 0 150 25 75    -5.999999999999999
0 0 0 100 50 150 0 0 0 125 25 75    -5.999999999999999
0 0 0 100 50 25 0 0 0 150 75 125    -5.999999999999999
0 0 0 100 50 75 0 0 0 125 25 150    -5.999999999999999
0 0 0 100 50 75 0 0 0 150 25 125    -5.999999999999999
0 0 0 100 75 125 0 0 0 150 25 50    -5.999999999999999
0 0 0 100 75 150 0 0 0 125 25 50    -5.999999999999999
0 0 0 100 75 25 0 0 0 150 50 125    -5.999999999999999
0 0 0 100 75 50 0 0 0 125 150 25    -5.999999999999999
0 0 0 100 75 50 0 0 0 125 25 150    -5.999999999999999
0 0 0 100 75 50 0 0 0 150 25 125    -5.999999999999999
0 0 0 125 100 150 0 0 0 50 25 75    -5.999999999999999
0 0 0 125 100 150 0 0 0 75 25 50    -5.999999999999999
0 0 0 125 100 25 0 0 0 150 50 75    -5.999999999999999
0 0 0 125 100 50 0 0 0 150 25 75    -5.999999999999999
0 0 0 125 100 50 0 0 0 75 150 25    -5.999999999999999
0 0 0 125 100 75 0 0 0 150 25 50    -5.999999999999999
0 0 0 125 100 75 0 0 0 50 150 25    -5.999999999999999
0 0 0 125 150 100 0 0 0 50 25 75    -5.999999999999999
0 0 0 125 150 100 0 0 0 75 25 50    -5.999999999999999
0 0 0 125 150 25 0 0 0 100 50 75    -5.999999999999999
0 0 0 125 150 25 0 0 0 75 50 100    -5.999999999999999
0 0 0 125 150 50 0 0 0 100 25 75    -5.999999999999999
0 0 0 125 150 50 0 0 0 75 25 100    -5.999999999999999
0 0 0 125 150 75 0 0 0 100 25 50    -5.999999999999999
0 0 0 125 25 100 0 0 0 150 50 75    -5.999999999999999
0 0 0 125 25 150 0 0 0 100 50 75    -5.999999999999999
0 0 0 125 25 150 0 0 0 75 50 100    -5.999999999999999
0 0 0 125 25 50 0 0 0 100 75 150    -5.999999999999999
0 0 0 125 25 50 0 0 0 150 75 100    -5.999999999999999
0 0 0 125 25 75 0 0 0 100 50 150    -5.999999999999999
0 0 0 125 25 75 0 0 0 150 50 100    -5.999999999999999
0 0 0 125 50 100 0 0 0 150 25 75    -5.999999999999999
0 0 0 125 50 150 0 0 0 100 25 75    -5.999999999999999
0 0 0 125 50 150 0 0 0 75 25 100    -5.999999999999999
0 0 0 125 50 25 0 0 0 150 75 100    -5.999999999999999
0 0 0 125 50 75 0 0 0 150 25 100    -5.999999999999999
0 0 0 125 75 100 0 0 0 150 25 50    -5.999999999999999
0 0 0 125 75 150 0 0 0 100 25 50    -5.999999999999999
0 0 0 125 75 25 0 0 0 100 50 150    -5.999999999999999
0 0 0 125 75 25 0 0 0 150 50 100    -5.999999999999999
0 0 0 125 75 50 0 0 0 100 150 25    -5.999999999999999
0 0 0 125 75 50 0 0 0 150 25 100    -5.999999999999999
0 0 0 150 100 125 0 0 0 50 25 75    -5.999999999999999
0 0 0 150 100 125 0 0 0 75 25 50    -5.999999999999999
0 0 0 150 100 25 0 0 0 125 50 75    -5.999999999999999
0 0 0 150 100 25 0 0 0 75 50 125    -5.999999999999999
0 0 0 150 100 50 0 0 0 125 25 75    -5.999999999999999
0 0 0 150 100 75 0 0 0 125 25 50    -5.999999999999999
0 0 0 150 100 75 0 0 0 50 125 25    -5.999999999999999
0 0 0 150 125 100 0 0 0 50 25 75    -5.999999999999999
0 0 0 150 125 100 0 0 0 75 25 50    -5.999999999999999
0 0 0 150 125 25 0 0 0 100 50 75    -5.999999999999999
0 0 0 150 125 25 0 0 0 75 50 100    -5.999999999999999
0 0 0 150 125 50 0 0 0 100 25 75    -5.999999999999999
0 0 0 150 125 50 0 0 0 75 25 100    -5.999999999999999
0 0 0 150 125 75 0 0 0 100 25 50    -5.999999999999999
0 0 0 150 25 100 0 0 0 125 50 75    -5.999999999999999
0 0 0 150 25 100 0 0 0 75 50 125    -5.999999999999999
0 0 0 150 25 125 0 0 0 100 50 75    -5.999999999999999
0 0 0 150 25 125 0 0 0 75 50 100    -5.999999999999999
0 0 0 150 25 50 0 0 0 100 75 125    -5.999999999999999
0 0 0 150 25 50 0 0 0 125 75 100    -5.999999999999999
0 0 0 150 25 75 0 0 0 100 50 125    -5.999999999999999
0 0 0 150 25 75 0 0 0 125 50 100    -5.999999999999999
0 0 0 150 50 100 0 0 0 125 25 75    -5.999999999999999
0 0 0 150 50 125 0 0 0 100 25 75    -5.999999999999999
0 0 0 150 50 125 0 0 0 75 25 100    -5.999999999999999
0 0 0 150 50 25 0 0 0 100 75 125    -5.999999999999999
0 0 0 150 50 25 0 0 0 125 75 100    -5.999999999999999
0 0 0 150 50 75 0 0 0 100 25 125    -5.999999999999999
0 0 0 150 50 75 0 0 0 125 25 100    -5.999999999999999
0 0 0 150 75 100 0 0 0 125 25 50    -5.999999999999999
0 0 0 150 75 125 0 0 0 100 25 50    -5.999999999999999
0 0 0 150 75 25 0 0 0 100 50 125    -5.999999999999999
0 0 0 150 75 25 0 0 0 125 50 100    -5.999999999999999
0 0 0 150 75 50 0 0 0 100 25 125    -5.999999999999999
0 0 0 150 75 50 0 0 0 125 25 100    -5.999999999999999
0 0 0 25 100 125 0 0 0 150 50 75    -5.999999999999999
0 0 0 25 100 150 0 0 0 125 50 75    -5.999999999999999
0 0 0 25 100 150 0 0 0 75 50 125    -5.999999999999999
0 0 0 25 100 50 0 0 0 125 75 150    -5.999999999999999
0 0 0 25 100 50 0 0 0 150 75 125    -5.999999999999999
0 0 0 25 100 75 0 0 0 125 50 150    -5.999999999999999
0 0 0 25 100 75 0 0 0 150 50 125    -5.999999999999999
0 0 0 25 125 100 0 0 0 150 50 75    -5.999999999999999
0 0 0 25 125 150 0 0 0 100 50 75    -5.999999999999999
0 0 0 25 125 150 0 0 0 75 50 100    -5.999999999999999
0 0 0 25 125 50 0 0 0 100 75 150    -5.999999999999999
0 0 0 25 125 50 0 0 0 150 75 100    -5.999999999999999
0 0 0 25 125 75 0 0 0 100 50 150    -5.999999999999999
0 0 0 25 125 75 0 0 0 150 50 100    -5.999999999999999
0 0 0 25 150 100 0 0 0 125 50 75    -5.999999999999999
0 0 0 25 150 100 0 0 0 75 50 125    -5.999999999999999
0 0 0 25 150 125 0 0 0 100 50 75    -5.999999999999999
0 0 0 25 150 125 0 0 0 75 50 100    -5.999999999999999
0 0 0 25 150 50 0 0 0 100 75 125    -5.999999999999999
0 0 0 25 150 50 0 0 0 125 75 100    -5.999999999999999
0 0 0 25 150 75 0 0 0 100 50 125    -5.999999999999999
0 0 0 25 150 75 0 0 0 125 50 100    -5.999999999999999
0 0 0 25 50 100 0 0 0 125 75 150    -5.999999999999999
0 0 0 25 50 100 0 0 0 150 75 125    -5.999999999999999
0 0 0 25 50 125 0 0 0 100 75 150    -5.999999999999999
0 0 0 25 50 125 0 0 0 150 75 100    -5.999999999999999
0 0 0 25 50 150 0 0 0 100 75 125    -5.999999999999999
0 0 0 25 50 150 0 0 0 125 75 100    -5.999999999999999
0 0 0 25 50 75 0 0 0 125 100 150    -5.999999999999999
0 0 0 25 75 100 0 0 0 125 50 150    -5.999999999999999
0 0 0 25 75 100 0 0 0 150 50 125    -5.999999999999999
0 0 0 25 75 125 0 0 0 100 50 150    -5.999999999999999
0 0 0 25 75 125 0 0 0 150 50 100    -5.999999999999999
0 0 0 25 75 150 0 0 0 100 50 125    -5.999999999999999
0 0 0 25 75 150 0 0 0 125 50 100    -5.999999999999999
0 0 0 25 75 50 0 0 0 125 100 150    -5.999999999999999
0 0 0 25 75 50 0 0 0 150 100 125    -5.999999999999999
0 0 0 50 100 125 0 0 0 150 25 75    -5.999999999999999
0 0 0 50 100 150 0 0 0 125 25 75    -5.999999999999999
0 0 0 50 100 25 0 0 0 150 75 125    -5.999999999999999
0 0 0 50 100 75 0 0 0 125 25 150    -5.999999999999999
0 0 0 50 100 75 0 0 0 150 25 125    -5.999999999999999
0 0 0 50 125 100 0 0 0 150 25 75    -5.999999999999999
0 0 0 50 125 150 0 0 0 100 25 75    -5.999999999999999
0 0 0 50 125 150 0 0 0 75 25 100    -5.999999999999999
0 0 0 50 125 25 0 0 0 150 75 100    -5.999999999999999
0 0 0 50 125 75 0 0 0 150 25 100    -5.999999999999999
0 0 0 50 150 100 0 0 0 125 25 75    -5.999999999999999
0 0 0 50 150 125 0 0 0 100 25 75    -5.999999999999999
0 0 0 50 150 125 0 0 0 75 25 100    -5.999999999999999
0 0 0 50 150 25 0 0 0 125 75 100    -5.999999999999999
0 0 0 50 150 75 0 0 0 100 25 125    -5.999999999999999
0 0 0 50 150 75 0 0 0 125 25 100    -5.999999999999999
0 0 0 50 25 100 0 0 0 125 75 150    -5.999999999999999
0 0 0 50 25 100 0 0 0 150 75 125    -5.999999999999999
0 0 0 50 25 125 0 0 0 100 75 150    -5.999999999999999
0 0 0 50 25 125 0 0 0 150 75 100    -5.999999999999999
0 0 0 50 25 150 0 0 0 100 75 125    -5.999999999999999
0 0 0 50 25 150 0 0 0 125 75 100    -5.999999999999999
0 0 0 50 25 75 0 0 0 125 100 150    -5.999999999999999
0 0 0 50 75 100 0 0 0 125 25 150    -5.999999999999999
0 0 0 50 75 100 0 0 0 150 25 125    -5.999999999999999
0 0 0 50 75 125 0 0 0 150 25 100    -5.999999999999999
0 0 0 50 75 150 0 0 0 100 25 125    -5.999999999999999
0 0 0 50 75 150 0 0 0 125 25 100    -5.999999999999999
0 0 0 50 75 25 0 0 0 150 100 125    -5.999999999999999
0 0 0 75 100 125 0 0 0 150 25 50    -5.999999999999999
0 0 0 75 100 150 0 0 0 125 25 50    -5.999999999999999
0 0 0 75 100 25 0 0 0 150 50 125    -5.999999999999999
0 0 0 75 100 50 0 0 0 125 150 25    -5.999999999999999
0 0 0 75 100 50 0 0 0 125 25 150    -5.999999999999999
0 0 0 75 100 50 0 0 0 150 25 125    -5.999999999999999
0 0 0 75 125 100 0 0 0 150 25 50    -5.999999999999999
0 0 0 75 125 100 0 0 0 50 150 25    -5.999999999999999
0 0 0 75 125 150 0 0 0 100 25 50    -5.999999999999999
0 0 0 75 125 25 0 0 0 100 50 150    -5.999999999999999
0 0 0 75 125 25 0 0 0 150 50 100    -5.999999999999999
0 0 0 75 125 50 0 0 0 100 150 25    -5.999999999999999
0 0 0 75 125 50 0 0 0 150 25 100    -5.999999999999999
0 0 0 75 150 100 0 0 0 125 25 50    -5.999999999999999
0 0 0 75 150 100 0 0 0 50 125 25    -5.999999999999999
0 0 0 75 150 125 0 0 0 100 25 50    -5.999999999999999
0 0 0 75 150 25 0 0 0 100 50 125    -5.999999999999999
0 0 0 75 150 25 0 0 0 125 50 100    -5.999999999999999
0 0 0 75 150 50 0 0 0 100 25 125    -5.999999999999999
0 0 0 75 150 50 0 0 0 125 25 100    -5.999999999999999
0 0 0 75 25 100 0 0 0 125 50 150    -5.999999999999999
0 0 0 75 25 100 0 0 0 150 50 125    -5.999999999999999
0 0 0 75 25 125 0 0 0 100 50 150    -5.999999999999999
0 0 0 75 25 125 0 0 0 150 50 100    -5.999999999999999
0 0 0 75 25 150 0 0 0 100 50 125    -5.999999999999999
0 0 0 75 25 150 0 0 0 125 50 100    -5.999999999999999
0 0 0 75 25 150 0 0 0 50 100 125    -5.999999999999999
0 0 0 75 25 50 0 0 0 125 100 150    -5.999999999999999
0 0 0 75 50 100 0 0 0 125 25 150    -5.999999999999999
0 0 0 75 50 100 0 0 0 150 25 125    -5.999999999999999
0 0 0 75 50 125 0 0 0 150 25 100    -5.999999999999999
0 0 0 75 50 150 0 0 0 100 25 125    -5.999999999999999
0 0 0 75 50 150 0 0 0 125 25 100    -5.999999999999999
0 0 0 100 150 75 0 0 0 125 50 25    -3.9999999999999996
0 0 0 125 150 25 0 0 0 100 75 50    -3.9999999999999996
0 0 0 150 50 25 0 0 0 75 100 125    -3.9999999999999996
0 0 0 75 150 100 0 0 0 125 50 25    -3.9999999999999996
0 0 0 100 125 150 0 0 0 75 50 25    -1.9999999999999998
0 0 0 100 150 125 0 0 0 75 50 25    -1.9999999999999998
0 0 0 100 150 50 0 0 0 75 125 25    -1.9999999999999998
0 0 0 100 25 75 0 0 0 125 150 50    -1.9999999999999998
0 0 0 100 50 75 0 0 0 125 150 25    -1.9999999999999998
0 0 0 125 100 150 0 0 0 75 50 25    -1.9999999999999998
0 0 0 125 150 100 0 0 0 75 50 25    -1.9999999999999998
0 0 0 125 150 50 0 0 0 75 100 25    -1.9999999999999998
0 0 0 125 25 75 0 0 0 100 150 50    -1.9999999999999998
0 0 0 125 50 75 0 0 0 100 150 25    -1.9999999999999998
0 0 0 150 100 125 0 0 0 75 50 25    -1.9999999999999998
0 0 0 150 100 50 0 0 0 75 125 25    -1.9999999999999998
0 0 0 150 125 100 0 0 0 75 50 25    -1.9999999999999998
0 0 0 150 125 50 0 0 0 75 100 25    -1.9999999999999998
0 0 0 150 25 75 0 0 0 100 125 50    -1.9999999999999998
0 0 0 150 50 75 0 0 0 100 125 25    -1.9999999999999998
0 0 0 25 100 75 0 0 0 125 150 50    -1.9999999999999998
0 0 0 25 125 150 0 0 0 100 75 50    -1.9999999999999998
0 0 0 25 125 75 0 0 0 100 150 50    -1.9999999999999998
0 0 0 25 150 125 0 0 0 100 75 50    -1.9999999999999998
0 0 0 25 150 75 0 0 0 100 125 50    -1.9999999999999998
0 0 0 25 50 100 0 0 0 125 150 75    -1.9999999999999998
0 0 0 25 75 100 0 0 0 125 150 50    -1.9999999999999998
0 0 0 50 100 75 0 0 0 125 150 25    -1.9999999999999998
0 0 0 50 125 150 0 0 0 100 75 25    -1.9999999999999998
0 0 0 50 125 75 0 0 0 100 150 25    -1.9999999999999998
0 0 0 50 150 125 0 0 0 100 75 25    -1.9999999999999998
0 0 0 50 150 75 0 0 0 100 125 25    -1.9999999999999998
0 0 0 50 25 100 0 0 0 125 150 75    -1.9999999999999998
0 0 0 50 75 100 0 0 0 125 150 25    -1.9999999999999998
0 0 0 75 125 150 0 0 0 100 50 25    -1.9999999999999998
0 0 0 75 150 125 0 0 0 100 50 25    -1.9999999999999998
0 0 0 75 25 100 0 0 0 125 150 50    -1.9999999999999998
0 0 0 75 50 100 0 0 0 125 150 25    -1.9999999999999998
0 0 0 125 150 75 0 0 0 50 100 25    0.0
0 0 0 150 125 75 0 0 0 50 100 25    0.0
0 0 0 25 125 100 0 0 0 75 150 50    0.0
0 0 0 25 150 100 0 0 0 75 125 50    0.0
0 0 0 75 125 150 0 0 0 50 100 25    0.0
0 0 0 75 150 125 0 0 0 50 100 25    0.0
0 0 0 100 125 25 0 0 0 150 75 50    1.9999999999999998
0 0 0 100 125 25 0 0 0 75 50 150    1.9999999999999998
0 0 0 100 125 50 0 0 0 75 25 150    1.9999999999999998
0 0 0 100 125 75 0 0 0 50 25 150    1.9999999999999998
0 0 0 100 150 25 0 0 0 125 75 50    1.9999999999999998
0 0 0 100 150 50 0 0 0 75 25 125    1.9999999999999998
0 0 0 100 150 75 0 0 0 50 25 125    1.9999999999999998
0 0 0 100 25 125 0 0 0 75 150 50    1.9999999999999998
0 0 0 100 25 125 0 0 0 75 50 150    1.9999999999999998
0 0 0 100 25 150 0 0 0 75 125 50    1.9999999999999998
0 0 0 100 50 125 0 0 0 75 150 25    1.9999999999999998
0 0 0 100 50 125 0 0 0 75 25 150    1.9999999999999998
0 0 0 100 50 150 0 0 0 75 125 25    1.9999999999999998
0 0 0 100 50 150 0 0 0 75 25 125    1.9999999999999998
0 0 0 100 75 125 0 0 0 50 25 150    1.9999999999999998
0 0 0 100 75 150 0 0 0 50 25 125    1.9999999999999998
0 0 0 125 100 25 0 0 0 75 50 150    1.9999999999999998
0 0 0 125 100 50 0 0 0 75 25 150    1.9999999999999998
0 0 0 125 100 75 0 0 0 50 25 150    1.9999999999999998
0 0 0 125 150 75 0 0 0 50 25 100    1.9999999999999998
0 0 0 125 25 100 0 0 0 75 150 50    1.9999999999999998
0 0 0 125 25 100 0 0 0 75 50 150    1.9999999999999998
0 0 0 125 25 150 0 0 0 75 100 50    1.9999999999999998
0 0 0 125 50 100 0 0 0 75 150 25    1.9999999999999998
0 0 0 125 50 100 0 0 0 75 25 150    1.9999999999999998
0 0 0 125 50 150 0 0 0 75 100 25    1.9999999999999998
0 0 0 125 50 75 0 0 0 100 25 150    1.9999999999999998
0 0 0 125 75 100 0 0 0 50 25 150    1.9999999999999998
0 0 0 125 75 150 0 0 0 50 25 100    1.9999999999999998
0 0 0 125 75 50 0 0 0 100 25 150    1.9999999999999998
0 0 0 150 100 50 0 0 0 75 25 125    1.9999999999999998
0 0 0 150 100 75 0 0 0 50 25 125    1.9999999999999998
0 0 0 150 125 75 0 0 0 50 25 100    1.9999999999999998
0 0 0 150 25 100 0 0 0 75 125 50    1.9999999999999998
0 0 0 150 25 125 0 0 0 75 100 50    1.9999999999999998
0 0 0 150 50 100 0 0 0 75 125 25    1.9999999999999998
0 0 0 150 50 100 0 0 0 75 25 125    1.9999999999999998
0 0 0 150 50 125 0 0 0 75 100 25    1.9999999999999998
0 0 0 150 75 100 0 0 0 50 25 125    1.9999999999999998
0 0 0 150 75 125 0 0 0 50 25 100    1.9999999999999998
0 0 0 25 100 125 0 0 0 50 75 150    1.9999999999999998
0 0 0 25 100 125 0 0 0 75 50 150    1.9999999999999998
0 0 0 25 100 150 0 0 0 50 75 125    1.9999999999999998
0 0 0 25 100 50 0 0 0 75 125 150    1.9999999999999998
0 0 0 25 100 75 0 0 0 50 125 150    1.9999999999999998
0 0 0 25 125 100 0 0 0 50 75 150    1.9999999999999998
0 0 0 25 125 100 0 0 0 75 50 150    1.9999999999999998
0 0 0 25 125 50 0 0 0 75 100 150    1.9999999999999998
0 0 0 25 125 75 0 0 0 50 100 150    1.9999999999999998
0 0 0 25 150 100 0 0 0 50 75 125    1.9999999999999998
0 0 0 25 150 50 0 0 0 75 100 125    1.9999999999999998
0 0 0 25 150 50 0 0 0 75 125 100    1.9999999999999998
0 0 0 25 150 75 0 0 0 50 100 125    1.9999999999999998
0 0 0 25 50 100 0 0 0 75 125 150    1.9999999999999998
0 0 0 25 50 125 0 0 0 100 150 75    1.9999999999999998
0 0 0 25 50 125 0 0 0 75 100 150    1.9999999999999998
0 0 0 25 50 150 0 0 0 100 125 75    1.9999999999999998
0 0 0 25 50 150 0 0 0 75 100 125    1.9999999999999998
0 0 0 25 75 100 0 0 0 50 125 150    1.9999999999999998
0 0 0 25 75 125 0 0 0 100 150 50    1.9999999999999998
0 0 0 25 75 125 0 0 0 50 100 150    1.9999999999999998
0 0 0 25 75 150 0 0 0 50 100 125    1.9999999999999998
0 0 0 50 100 125 0 0 0 75 25 150    1.9999999999999998
0 0 0 50 100 150 0 0 0 75 25 125    1.9999999999999998
0 0 0 50 125 100 0 0 0 75 150 25    1.9999999999999998
0 0 0 50 125 100 0 0 0 75 25 150    1.9999999999999998
0 0 0 50 125 25 0 0 0 75 150 100    1.9999999999999998
0 0 0 50 125 75 0 0 0 100 25 150    1.9999999999999998
0 0 0 50 150 100 0 0 0 75 125 25    1.9999999999999998
0 0 0 50 150 100 0 0 0 75 25 125    1.9999999999999998
0 0 0 50 150 25 0 0 0 75 125 100    1.9999999999999998
0 0 0 50 25 100 0 0 0 75 125 150    1.9999999999999998
0 0 0 50 25 125 0 0 0 100 150 75    1.9999999999999998
0 0 0 50 25 125 0 0 0 75 100 150    1.9999999999999998
0 0 0 50 25 150 0 0 0 100 125 75    1.9999999999999998
0 0 0 50 25 150 0 0 0 75 100 125    1.9999999999999998
0 0 0 50 75 125 0 0 0 100 150 25    1.9999999999999998
0 0 0 50 75 125 0 0 0 100 25 150    1.9999999999999998
0 0 0 75 100 125 0 0 0 50 25 150    1.9999999999999998
0 0 0 75 100 150 0 0 0 50 25 125    1.9999999999999998
0 0 0 75 100 25 0 0 0 150 125 50    1.9999999999999998
0 0 0 75 125 100 0 0 0 50 25 150    1.9999999999999998
0 0 0 75 125 150 0 0 0 50 25 100    1.9999999999999998
0 0 0 75 125 25 0 0 0 150 100 50    1.9999999999999998
0 0 0 75 125 50 0 0 0 100 25 150    1.9999999999999998
0 0 0 75 150 100 0 0 0 50 25 125    1.9999999999999998
0 0 0 75 150 125 0 0 0 50 25 100    1.9999999999999998
0 0 0 75 150 25 0 0 0 125 100 50    1.9999999999999998
0 0 0 75 25 125 0 0 0 100 150 50    1.9999999999999998
0 0 0 75 25 150 0 0 0 100 125 50    1.9999999999999998
0 0 0 75 50 125 0 0 0 100 150 25    1.9999999999999998
0 0 0 75 50 125 0 0 0 100 25 150    1.9999999999999998
0 0 0 75 50 150 0 0 0 100 125 25    1.9999999999999998
0 0 0 100 125 150 0 0 0 25 50 75    3.9999999999999996
0 0 0 100 125 150 0 0 0 50 75 25    3.9999999999999996
0 0 0 100 125 50 0 0 0 25 75 150    3.9999999999999996
0 0 0 100 150 125 0 0 0 25 50 75    3.9999999999999996
0 0 0 100 25 125 0 0 0 50 75 150    3.9999999999999996
0 0 0 100 25 150 0 0 0 50 75 125    3.9999999999999996
0 0 0 100 50 125 0 0 0 25 75 150    3.9999999999999996
0 0 0 100 50 75 0 0 0 25 125 150    3.9999999999999996
0 0 0 100 75 50 0 0 0 25 125 150    3.9999999999999996
0 0 0 125 100 150 0 0 0 25 50 75    3.9999999999999996
0 0 0 125 100 150 0 0 0 50 75 25    3.9999999999999996
0 0 0 125 100 50 0 0 0 25 75 150    3.9999999999999996
0 0 0 125 150 100 0 0 0 25 50 75    3.9999999999999996
0 0 0 125 150 75 0 0 0 25 50 100    3.9999999999999996
0 0 0 125 25 150 0 0 0 50 75 100    3.9999999999999996
0 0 0 125 50 100 0 0 0 25 75 150    3.9999999999999996
0 0 0 125 50 75 0 0 0 25 100 150    3.9999999999999996
0 0 0 125 75 150 0 0 0 25 50 100    3.9999999999999996
0 0 0 125 75 150 0 0 0 50 100 25    3.9999999999999996
0 0 0 125 75 50 0 0 0 25 100 150    3.9999999999999996
0 0 0 150 100 125 0 0 0 25 50 75    3.9999999999999996
0 0 0 150 100 125 0 0 0 50 75 25    3.9999999999999996
0 0 0 150 125 100 0 0 0 25 50 75    3.9999999999999996
0 0 0 150 125 75 0 0 0 25 50 100    3.9999999999999996
0 0 0 150 25 125 0 0 0 50 75 100    3.9999999999999996
0 0 0 150 75 125 0 0 0 25 50 100    3.9999999999999996
0 0 0 150 75 125 0 0 0 50 100 25    3.9999999999999996
0 0 0 25 100 125 0 0 0 75 150 50    3.9999999999999996
0 0 0 25 100 150 0 0 0 75 125 50    3.9999999999999996
0 0 0 25 125 150 0 0 0 50 75 100    3.9999999999999996
0 0 0 25 125 150 0 0 0 75 100 50    3.9999999999999996
0 0 0 25 150 125 0 0 0 50 75 100    3.9999999999999996
0 0 0 25 75 150 0 0 0 100 125 50    3.9999999999999996
0 0 0 50 100 125 0 0 0 25 75 150    3.9999999999999996
0 0 0 50 100 125 0 0 0 75 150 25    3.9999999999999996
0 0 0 50 100 150 0 0 0 75 125 25    3.9999999999999996
0 0 0 50 100 75 0 0 0 25 125 150    3.9999999999999996
0 0 0 50 125 100 0 0 0 25 75 150    3.9999999999999996
0 0 0 50 125 150 0 0 0 75 100 25    3.9999999999999996
0 0 0 50 125 75 0 0 0 25 100 150    3.9999999999999996
0 0 0 50 150 125 0 0 0 75 100 25    3.9999999999999996
0 0 0 50 75 100 0 0 0 25 125 150    3.9999999999999996
0 0 0 50 75 125 0 0 0 25 100 150    3.9999999999999996
0 0 0 50 75 150 0 0 0 100 125 25    3.9999999999999996
0 0 0 75 100 50 0 0 0 25 125 150    3.9999999999999996
0 0 0 75 125 150 0 0 0 25 50 100    3.9999999999999996
0 0 0 75 125 50 0 0 0 25 100 150    3.9999999999999996
0 0 0 75 150 125 0 0 0 25 50 100    3.9999999999999996
0 0 0 75 50 100 0 0 0 25 125 150    3.9999999999999996
0 0 0 75 50 125 0 0 0 25 100 150    3.9999999999999996
0 0 0 100 125 75 0 0 0 25 50 150    5.999999999999999
0 0 0 100 150 125 0 0 0 50 75 25    5.999999999999999
0 0 0 100 75 125 0 0 0 25 50 150    5.999999999999999
0 0 0 125 100 75 0 0 0 25 50 150    5.999999999999999
0 0 0 125 150 100 0 0 0 50 75 25    5.999999999999999
0 0 0 125 75 100 0 0 0 25 50 150    5.999999999999999
0 0 0 150 125 100 0 0 0 50 75 25    5.999999999999999
0 0 0 25 125 150 0 0 0 50 100 75    5.999999999999999
0 0 0 25 150 125 0 0 0 75 100 50    5.999999999999999
0 0 0 25 50 100 0 0 0 75 150 125    5.999999999999999
0 0 0 25 50 125 0 0 0 75 150 100    5.999999999999999
0 0 0 25 50 150 0 0 0 75 125 100    5.999999999999999
0 0 0 50 25 100 0 0 0 75 150 125    5.999999999999999
0 0 0 50 25 125 0 0 0 75 150 100    5.999999999999999
0 0 0 50 25 150 0 0 0 75 125 100    5.999999999999999
0 0 0 75 100 125 0 0 0 25 50 150    5.999999999999999
0 0 0 75 125 100 0 0 0 25 50 150    5.999999999999999
0 0 0 100 125 150 0 0 0 25 75 50    7.999999999999999
0 0 0 100 125 25 0 0 0 50 150 75    7.999999999999999
0 0 0 100 150 125 0 0 0 25 75 50    7.999999999999999
0 0 0 100 150 25 0 0 0 50 125 75    7.999999999999999
0 0 0 125 100 150 0 0 0 25 75 50    7.999999999999999
0 0 0 125 150 100 0 0 0 25 75 50    7.999999999999999
0 0 0 125 150 75 0 0 0 25 100 50    7.999999999999999
0 0 0 125 25 150 0 0 0 50 100 75    7.999999999999999
0 0 0 125 75 150 0 0 0 25 100 50    7.999999999999999
0 0 0 150 100 125 0 0 0 25 75 50    7.999999999999999
0 0 0 150 125 100 0 0 0 25 75 50    7.999999999999999
0 0 0 150 125 75 0 0 0 25 100 50    7.999999999999999
0 0 0 150 25 125 0 0 0 50 100 75    7.999999999999999
0 0 0 150 75 125 0 0 0 25 100 50    7.999999999999999
0 0 0 25 100 125 0 0 0 50 150 75    7.999999999999999
0 0 0 25 100 150 0 0 0 50 125 75    7.999999999999999
0 0 0 25 125 100 0 0 0 50 150 75    7.999999999999999
0 0 0 25 150 100 0 0 0 50 125 75    7.999999999999999
0 0 0 25 150 125 0 0 0 50 100 75    7.999999999999999
0 0 0 25 150 75 0 0 0 50 125 100    7.999999999999999
0 0 0 25 75 100 0 0 0 50 150 125    7.999999999999999
0 0 0 25 75 125 0 0 0 50 150 100    7.999999999999999
0 0 0 25 75 150 0 0 0 50 125 100    7.999999999999999
0 0 0 75 125 150 0 0 0 25 100 50    7.999999999999999
0 0 0 75 150 125 0 0 0 25 100 50    7.999999999999999
0 0 0 75 150 25 0 0 0 50 125 100    7.999999999999999
0 0 0 100 75 25 0 0 0 50 150 125    10.0
0 0 0 125 100 25 0 0 0 50 150 75    10.0
0 0 0 125 75 25 0 0 0 50 150 100    10.0
0 0 0 150 100 25 0 0 0 50 125 75    10.0
0 0 0 150 125 25 0 0 0 100 75 50    10.0
0 0 0 150 75 25 0 0 0 50 125 100    10.0
0 0 0 75 100 25 0 0 0 50 150 125    10.0
0 0 0 75 125 25 0 0 0 50 150 100    10.0
0 0 0 100 125 50 0 0 0 150 75 25    11.999999999999998
0 0 0 100 125 75 0 0 0 150 50 25    11.999999999999998
0 0 0 100 150 50 0 0 0 125 75 25    11.999999999999998
0 0 0 100 25 125 0 0 0 150 75 50    11.999999999999998
0 0 0 100 25 150 0 0 0 125 75 50    11.999999999999998
0 0 0 100 25 50 0 0 0 150 125 75    11.999999999999998
0 0 0 100 25 50 0 0 0 75 150 125    11.999999999999998
0 0 0 100 25 75 0 0 0 150 125 50    11.999999999999998
0 0 0 100 25 75 0 0 0 50 150 125    11.999999999999998
0 0 0 100 50 125 0 0 0 150 75 25    11.999999999999998
0 0 0 100 50 150 0 0 0 125 75 25    11.999999999999998
0 0 0 100 50 75 0 0 0 150 125 25    11.999999999999998
0 0 0 100 75 125 0 0 0 150 50 25    11.999999999999998
0 0 0 100 75 150 0 0 0 125 50 25    11.999999999999998
0 0 0 100 75 50 0 0 0 150 125 25    11.999999999999998
0 0 0 125 100 50 0 0 0 150 75 25    11.999999999999998
0 0 0 125 100 75 0 0 0 150 50 25    11.999999999999998
0 0 0 125 150 25 0 0 0 50 100 75    11.999999999999998
0 0 0 125 150 50 0 0 0 100 75 25    11.999999999999998
0 0 0 125 150 75 0 0 0 100 50 25    11.999999999999998
0 0 0 125 25 100 0 0 0 150 75 50    11.999999999999998
0 0 0 125 25 150 0 0 0 100 75 50    11.999999999999998
0 0 0 125 25 50 0 0 0 150 100 75    11.999999999999998
0 0 0 125 25 50 0 0 0 75 150 100    11.999999999999998
0 0 0 125 25 75 0 0 0 150 100 50    11.999999999999998
0 0 0 125 25 75 0 0 0 50 150 100    11.999999999999998
0 0 0 125 50 100 0 0 0 150 75 25    11.999999999999998
0 0 0 125 50 150 0 0 0 100 75 25    11.999999999999998
0 0 0 125 50 75 0 0 0 150 100 25    11.999999999999998
0 0 0 125 75 100 0 0 0 150 50 25    11.999999999999998
0 0 0 125 75 150 0 0 0 100 50 25    11.999999999999998
0 0 0 125 75 50 0 0 0 150 100 25    11.999999999999998
0 0 0 150 100 50 0 0 0 125 75 25    11.999999999999998
0 0 0 150 100 75 0 0 0 125 50 25    11.999999999999998
0 0 0 150 125 25 0 0 0 50 100 75    11.999999999999998
0 0 0 150 125 50 0 0 0 100 75 25    11.999999999999998
0 0 0 150 125 75 0 0 0 100 50 25    11.999999999999998
0 0 0 150 25 100 0 0 0 125 75 50    11.999999999999998
0 0 0 150 25 125 0 0 0 100 75 50    11.999999999999998
0 0 0 150 25 50 0 0 0 125 100 75    11.999999999999998
0 0 0 150 25 50 0 0 0 75 125 100    11.999999999999998
0 0 0 150 25 75 0 0 0 125 100 50    11.999999999999998
0 0 0 150 50 100 0 0 0 125 75 25    11.999999999999998
0 0 0 150 50 125 0 0 0 100 75 25    11.999999999999998
0 0 0 150 50 75 0 0 0 125 100 25    11.999999999999998
0 0 0 150 75 100 0 0 0 125 50 25    11.999999999999998
0 0 0 150 75 125 0 0 0 100 50 25    11.999999999999998
0 0 0 150 75 50 0 0 0 125 100 25    11.999999999999998
0 0 0 25 100 125 0 0 0 150 75 50    11.999999999999998
0 0 0 25 100 150 0 0 0 125 75 50    11.999999999999998
0 0 0 25 100 50 0 0 0 150 125 75    11.999999999999998
0 0 0 25 100 50 0 0 0 75 150 125    11.999999999999998
0 0 0 25 100 75 0 0 0 150 125 50    11.999999999999998
0 0 0 25 100 75 0 0 0 50 150 125    11.999999999999998
0 0 0 25 125 100 0 0 0 150 75 50    11.999999999999998
0 0 0 25 125 50 0 0 0 150 100 75    11.999999999999998
0 0 0 25 125 50 0 0 0 75 150 100    11.999999999999998
0 0 0 25 125 75 0 0 0 150 100 50    11.999999999999998
0 0 0 25 125 75 0 0 0 50 150 100    11.999999999999998
0 0 0 25 150 100 0 0 0 125 75 50    11.999999999999998
0 0 0 25 150 50 0 0 0 125 100 75    11.999999999999998
0 0 0 25 150 75 0 0 0 125 100 50    11.999999999999998
0 0 0 25 50 100 0 0 0 150 125 75    11.999999999999998
0 0 0 25 50 125 0 0 0 150 100 75    11.999999999999998
0 0 0 25 50 150 0 0 0 125 100 75    11.999999999999998
0 0 0 25 50 75 0 0 0 100 150 125    11.999999999999998
0 0 0 25 50 75 0 0 0 150 125 100    11.999999999999998
0 0 0 25 75 100 0 0 0 150 125 50    11.999999999999998
0 0 0 25 75 125 0 0 0 150 100 50    11.999999999999998
0 0 0 25 75 150 0 0 0 125 100 50    11.999999999999998
0 0 0 25 75 50 0 0 0 150 125 100    11.999999999999998
0 0 0 50 100 125 0 0 0 150 75 25    11.999999999999998
0 0 0 50 100 150 0 0 0 125 75 25    11.999999999999998
0 0 0 50 100 25 0 0 0 125 75 150    11.999999999999998
0 0 0 50 100 75 0 0 0 150 125 25    11.999999999999998
0 0 0 50 125 100 0 0 0 150 75 25    11.999999999999998
0 0 0 50 125 25 0 0 0 100 75 150    11.999999999999998
0 0 0 50 125 75 0 0 0 150 100 25    11.999999999999998
0 0 0 50 150 100 0 0 0 125 75 25    11.999999999999998
0 0 0 50 150 25 0 0 0 100 75 125    11.999999999999998
0 0 0 50 150 75 0 0 0 125 100 25    11.999999999999998
0 0 0 50 25 100 0 0 0 150 125 75    11.999999999999998
0 0 0 50 25 125 0 0 0 150 100 75    11.999999999999998
0 0 0 50 25 150 0 0 0 125 100 75    11.999999999999998
0 0 0 50 25 75 0 0 0 100 150 125    11.999999999999998
0 0 0 50 25 75 0 0 0 150 125 100    11.999999999999998
0 0 0 50 75 100 0 0 0 150 125 25    11.999999999999998
0 0 0 50 75 125 0 0 0 150 100 25    11.999999999999998
0 0 0 50 75 150 0 0 0 125 100 25    11.999999999999998
0 0 0 50 75 25 0 0 0 125 100 150    11.999999999999998
0 0 0 75 100 125 0 0 0 150 50 25    11.999999999999998
0 0 0 75 100 150 0 0 0 125 50 25    11.999999999999998
0 0 0 75 100 50 0 0 0 150 125 25    11.999999999999998
0 0 0 75 125 100 0 0 0 150 50 25    11.999999999999998
0 0 0 75 125 50 0 0 0 150 100 25    11.999999999999998
0 0 0 75 150 50 0 0 0 125 100 25    11.999999999999998
0 0 0 75 25 100 0 0 0 150 125 50    11.999999999999998
0 0 0 75 25 125 0 0 0 150 100 50    11.999999999999998
0 0 0 75 25 150 0 0 0 125 100 50    11.999999999999998
0 0 0 75 25 50 0 0 0 150 125 100    11.999999999999998
0 0 0 75 50 100 0 0 0 150 125 25    11.999999999999998
0 0 0 75 50 125 0 0 0 150 100 25    11.999999999999998
0 0 0 75 50 150 0 0 0 125 100 25    11.999999999999998
0 0 0 100 25 125 0 0 0 50 150 75    14.000000000000002
0 0 0 100 25 150 0 0 0 50 125 75    14.000000000000002
0 0 0 125 25 100 0 0 0 50 150 75    14.000000000000002
0 0 0 150 25 100 0 0 0 50 125 75    14.000000000000002
0 0 0 150 25 75 0 0 0 50 125 100    14.000000000000002
0 0 0 75 25 100 0 0 0 50 150 125    14.000000000000002
0 0 0 75 25 125 0 0 0 50 150 100    14.000000000000002
0 0 0 75 25 150 0 0 0 50 125 100    14.000000000000002
