-0.06
0	150	600	0	-825	-1100		6.4 0
-0.22
0	150	600	100	-25	-100		6.4 0
-0.96
0	150	600	100	-50	-100		6.4 0
-0.88
0	150	600	100	-75	-100		6.4 0
-0.44
0	150	600	212	-424	-850		6.4 0
0.34
0	150	600	424	-424	-850		6.4 0
0.0
0	150	600	450	-300	-600		6.4 0
-2.4
0	150	600	600	-300	-600		6.4 0
-0.26
0	150	600	75	-25	-100		6.4 0
-0.82
0	150	600	75	-50	-100		6.4 0
-0.96
0	150	600	75	-75	-100		6.4 0
-1.2
0	212	850	0	-348	-350		6.4 0
-0.14
0	212	850	550	-550	-1100		6.4 0
-0.02
0	212	850	636	-424	-850		6.4 0
0.28
0	212	850	825	-550	-1100		6.4 0
-0.16
0	212	850	848	-424	-850		6.4 0
-2.4
0	25	100	100	-50	-100		6.4 0
0.0
0	25	100	75	-50	-100		6.4 0
1.32
0	261	350	424	-212	-850		6.4 0
1.32
0	261	350	848	0	-850		6.4 0
-2.0
0	261	350	87	-87	-350		6.4 0
-0.82
0	275	1100	0	-261	-350		6.4 0
0.2
0	275	1100	0	-348	-350		6.4 0
-2.4
0	275	1100	1100	-550	-1100		6.4 0
-1.2
0	275	1100	174	-348	-350		6.4 0
1.54
0	275	1100	212	0	-850		6.4 0
0.0
0	275	1100	825	-550	-1100		6.4 0
-1.9
0	275	1100	848	-424	-850		6.4 0
-2.06
0	275	1100	87	-261	-350		6.4 0
-1.2
0	275	1100	87	-348	-350		6.4 0
0.96
0	300	600	212	-212	-850		6.4 0
1.28
0	300	600	275	-275	-1100		6.4 0
0.86
0	300	600	424	-212	-850		6.4 0
0.86
0	300	600	636	0	-850		6.4 0
0.4
0	300	600	825	0	-1100		6.4 0
0.86
0	300	600	848	0	-850		6.4 0
1.74
0	348	350	174	0	-350		6.4 0
1.74
0	348	350	261	0	-350		6.4 0
1.74
0	348	350	87	0	-350		6.4 0
1.6
0	424	850	0	-150	-600		6.4 0
0.42
0	424	850	150	-150	-600		6.4 0
1.78
0	450	600	300	0	-600		6.4 0
-0.02
0	450	600	424	-212	-850		6.4 0
0.36
0	450	600	848	0	-850		6.4 0
1.88
0	50	100	348	0	-350		6.4 0
1.88
0	50	100	848	0	-850		6.4 0
-2.0
0	636	850	212	-212	-850		6.4 0
-0.12
0	636	850	275	-275	-1100		6.4 0
1.32
0	75	100	348	0	-350		6.4 0
1.78
0	75	100	50	0	-100		6.4 0
1.32
0	75	100	848	0	-850		6.4 0
-0.58
0	825	1100	424	0	-850		6.4 0
1.78
0	825	1100	550	0	-1100		6.4 0
-2.5
0	825	1100	636	0	-850		6.4 0
1.74
0	848	850	212	0	-850		6.4 0
1.74
0	848	850	424	0	-850		6.4 0
1.74
0	848	850	636	0	-850		6.4 0
-0.06
0	87	350	0	-450	-600		6.4 0
-0.82
0	87	350	0	-75	-100		6.4 0
-1.4
0	87	350	25	-50	-100		6.4 0
-0.88
0	87	350	25	-75	-100		6.4 0
-0.02
0	87	350	261	-174	-350		6.4 0
-0.16
0	87	350	348	-174	-350		6.4 0
-1.16
0	87	350	50	-75	-100		6.4 0
0.5
-100	25	100	348	0	-350		6.4 0
1.88
-100	25	100	848	0	-850		6.4 0
0.56
-100	50	100	348	0	-350		6.4 0
1.32
-100	50	100	848	0	-850		6.4 0
-2.46
-100	75	100	0	-174	-350		6.4 0
0.74
-100	75	100	348	0	-350		6.4 0
1.32
-100	75	100	848	0	-850		6.4 0
-2.68
-150	0	600	0	-261	-350		6.4 0
-1.08
-150	0	600	0	-348	-350		6.4 0
-0.2
-150	0	600	100	-25	-100		6.4 0
-0.9
-150	0	600	100	-50	-100		6.4 0
0.44
-150	0	600	100	-75	-100		6.4 0
0.04
-150	0	600	275	-550	-1100		6.4 0
1.22
-150	0	600	424	-424	-850		6.4 0
-0.22
-150	0	600	550	-550	-1100		6.4 0
0.42
-150	0	600	636	-424	-850		6.4 0
-0.2
-150	0	600	75	-25	-100		6.4 0
-0.9
-150	0	600	75	-50	-100		6.4 0
-0.84
-150	0	600	75	-75	-100		6.4 0
-1.08
-150	0	600	87	-348	-350		6.4 0
0.56
-150	150	600	424	-424	-850		6.4 0
-0.24
-150	150	600	636	-424	-850		6.4 0
1.3
-150	300	600	275	-275	-1100		6.4 0
1.66
-150	300	600	636	0	-850		6.4 0
0.88
-150	300	600	825	0	-1100		6.4 0
0.3
-150	300	600	848	0	-850		6.4 0
-0.58
-150	450	600	0	-212	-850		6.4 0
-0.16
-150	450	600	212	-212	-850		6.4 0
-0.02
-150	450	600	848	0	-850		6.4 0
-1.2
-174	0	350	0	-636	-850		6.4 0
0.28
-174	0	350	300	-300	-600		6.4 0
-1.32
-174	0	350	450	-300	-600		6.4 0
-1.26
-174	174	350	150	-150	-600		6.4 0
-1.86
-174	174	350	261	0	-350		6.4 0
1.94
-174	174	350	450	0	-600		6.4 0
0.46
-174	174	350	848	0	-850		6.4 0
-0.58
-174	261	350	0	-150	-600		6.4 0
-0.16
-174	261	350	150	-150	-600		6.4 0
0.04
-174	261	350	424	-212	-850		6.4 0
0.36
-174	261	350	848	0	-850		6.4 0
0.46
-212	0	850	0	-261	-350		6.4 0
0.36
-212	0	850	0	-348	-350		6.4 0
0.18
-212	0	850	1100	-275	-1100		6.4 0
-2.94
-212	0	850	174	-261	-350		6.4 0
-1.08
-212	0	850	174	-348	-350		6.4 0
-1.08
-212	0	850	261	-348	-350		6.4 0
0.92
-212	0	850	550	-550	-1100		6.4 0
-0.02
-212	0	850	825	-275	-1100		6.4 0
0.06
-212	0	850	825	-550	-1100		6.4 0
1.16
-212	0	850	848	-424	-850		6.4 0
0.58
-212	0	850	87	-174	-350		6.4 0
-0.5
-212	0	850	87	-261	-350		6.4 0
-1.08
-212	0	850	87	-348	-350		6.4 0
1.02
-212	212	850	550	-550	-1100		6.4 0
0.96
-212	212	850	825	-550	-1100		6.4 0
1.28
-212	212	850	848	-424	-850		6.4 0
1.3
-212	424	850	825	0	-1100		6.4 0
-0.58
-212	636	850	424	0	-850		6.4 0
-2.5
-212	636	850	636	0	-850		6.4 0
1.88
-25	50	100	348	0	-350		6.4 0
1.88
-25	50	100	848	0	-850		6.4 0
1.32
-25	75	100	348	0	-350		6.4 0
1.32
-25	75	100	848	0	-850		6.4 0
1.54
-261	0	350	0	-150	-600		6.4 0
1.78
-261	0	350	0	-825	-1100		6.4 0
0.24
-261	0	350	450	-300	-600		6.4 0
0.24
-261	0	350	600	-300	-600		6.4 0
-2.0
-261	174	350	150	-150	-600		6.4 0
0.36
-261	174	350	848	0	-850		6.4 0
-0.12
-261	261	350	300	0	-600		6.4 0
-0.02
-261	261	350	424	-212	-850		6.4 0
-0.12
-261	261	350	450	0	-600		6.4 0
0.36
-261	261	350	848	0	-850		6.4 0
1.24
-261	87	350	636	0	-850		6.4 0
0.46
-261	87	350	848	0	-850		6.4 0
-0.84
-275	0	1100	0	-261	-350		6.4 0
0.44
-275	0	1100	0	-348	-350		6.4 0
-2.56
-275	0	1100	0	-450	-600		6.4 0
0.06
-275	0	1100	174	-174	-350		6.4 0
0.08
-275	0	1100	174	-261	-350		6.4 0
0.36
-275	0	1100	174	-348	-350		6.4 0
-2.84
-275	0	1100	261	-174	-350		6.4 0
-2.64
-275	0	1100	261	-261	-350		6.4 0
-1.08
-275	0	1100	261	-348	-350		6.4 0
-1.22
-275	0	1100	348	-261	-350		6.4 0
-1.08
-275	0	1100	348	-348	-350		6.4 0
-0.2
-275	0	1100	87	-174	-350		6.4 0
0.44
-275	0	1100	87	-261	-350		6.4 0
0.36
-275	0	1100	87	-348	-350		6.4 0
-0.58
-275	275	1100	212	0	-850		6.4 0
0.74
-275	275	1100	424	0	-850		6.4 0
-1.86
-275	550	1100	636	0	-850		6.4 0
-0.72
-300	0	600	0	-212	-850		6.4 0
0.54
-300	0	600	550	-550	-1100		6.4 0
1.28
-300	0	600	636	-424	-850		6.4 0
-0.24
-300	0	600	825	-550	-1100		6.4 0
0.24
-300	0	600	848	-424	-850		6.4 0
1.76
-300	150	600	825	0	-1100		6.4 0
-1.86
-300	300	600	212	-212	-850		6.4 0
-1.26
-300	300	600	275	-275	-1100		6.4 0
1.94
-300	300	600	825	0	-1100		6.4 0
-0.2
-300	450	600	0	-275	-1100		6.4 0
-0.16
-300	450	600	275	-275	-1100		6.4 0
-0.12
-300	450	600	424	0	-850		6.4 0
-0.12
-300	450	600	636	0	-850		6.4 0
0.6
-348	0	350	0	-150	-600		6.4 0
-0.08
-348	174	350	212	-212	-850		6.4 0
-1.44
-348	174	350	300	0	-600		6.4 0
-2.5
-348	174	350	450	0	-600		6.4 0
0.3
-348	174	350	848	0	-850		6.4 0
-0.16
-348	261	350	0	-212	-850		6.4 0
-0.16
-348	261	350	212	-212	-850		6.4 0
0.04
-348	261	350	848	0	-850		6.4 0
-1.82
-348	87	350	150	-150	-600		6.4 0
1.66
-348	87	350	636	0	-850		6.4 0
0.3
-348	87	350	848	0	-850		6.4 0
0.62
-424	0	850	1100	-275	-1100		6.4 0
-1.2
-424	0	850	1100	-550	-1100		6.4 0
0.6
-424	0	850	825	-550	-1100		6.4 0
0.6
-424	212	850	0	-275	-1100		6.4 0
-1.86
-424	424	850	636	0	-850		6.4 0
-1.26
-424	424	850	825	0	-1100		6.4 0
-0.58
-424	636	850	275	0	-1100		6.4 0
-0.16
-424	636	850	550	0	-1100		6.4 0
-0.16
-424	636	850	825	0	-1100		6.4 0
0.22
-450	0	600	0	-212	-850		6.4 0
1.02
-450	0	600	550	-550	-1100		6.4 0
0.96
-450	0	600	825	-550	-1100		6.4 0
1.3
-450	150	600	825	0	-1100		6.4 0
-2.0
-450	300	600	275	-275	-1100		6.4 0
-0.58
-450	300	600	424	0	-850		6.4 0
-2.5
-450	300	600	636	0	-850		6.4 0
0.72
-450	300	600	825	0	-1100		6.4 0
1.88
-50	25	100	348	0	-350		6.4 0
1.88
-50	25	100	848	0	-850		6.4 0
1.32
-50	50	100	348	0	-350		6.4 0
1.32
-50	50	100	848	0	-850		6.4 0
1.32
-50	75	100	348	0	-350		6.4 0
1.32
-50	75	100	848	0	-850		6.4 0
-1.82
-600	150	600	275	-275	-1100		6.4 0
-1.86
-600	150	600	636	0	-850		6.4 0
-0.34
-600	300	600	550	0	-1100		6.4 0
-1.02
-600	300	600	825	0	-1100		6.4 0
-1.44
-600	450	600	275	0	-1100		6.4 0
-0.16
-600	450	600	550	0	-1100		6.4 0
-0.16
-600	450	600	825	0	-1100		6.4 0
1.5
-636	0	850	275	0	-1100		6.4 0
-0.58
-636	424	850	550	0	-1100		6.4 0
-2.0
-636	424	850	825	0	-1100		6.4 0
-0.24
-75	0	100	0	-261	-350		6.4 0
0.56
-75	25	100	348	0	-350		6.4 0
1.88
-75	25	100	848	0	-850		6.4 0
1.32
-75	50	100	348	0	-350		6.4 0
1.32
-75	50	100	848	0	-850		6.4 0
1.32
-75	75	100	348	0	-350		6.4 0
1.32
-75	75	100	848	0	-850		6.4 0
1.0
-848	0	850	275	0	-1100		6.4 0
1.42
-848	0	850	550	0	-1100		6.4 0
-1.86
-848	212	850	825	0	-1100		6.4 0
-0.98
-87	0	350	0	-636	-850		6.4 0
-0.84
-87	0	350	0	-75	-100		6.4 0
-2.56
-87	0	350	100	-50	-100		6.4 0
-1.22
-87	0	350	100	-75	-100		6.4 0
-0.24
-87	0	350	150	-300	-600		6.4 0
-0.2
-87	0	350	25	-50	-100		6.4 0
0.44
-87	0	350	25	-75	-100		6.4 0
-0.14
-87	0	350	300	-300	-600		6.4 0
1.16
-87	0	350	348	-174	-350		6.4 0
-2.84
-87	0	350	50	-50	-100		6.4 0
0.44
-87	0	350	50	-75	-100		6.4 0
0.04
-87	0	350	75	-25	-100		6.4 0
-2.84
-87	0	350	75	-50	-100		6.4 0
0.08
-87	0	350	75	-75	-100		6.4 0
1.3
-87	174	350	150	-150	-600		6.4 0
1.24
-87	174	350	450	0	-600		6.4 0
0.56
-87	174	350	848	0	-850		6.4 0
-0.58
-87	261	350	174	0	-350		6.4 0
-2.5
-87	261	350	261	0	-350		6.4 0
0.36
-87	261	350	424	-212	-850		6.4 0
1.32
-87	261	350	848	0	-850		6.4 0
0.24
-87	87	350	0	-636	-850		6.4 0
1.28
-87	87	350	348	-174	-350		6.4 0
1.6
0	174	350	0	-87	-350		6.8 0
-0.88
0	261	350	50	0	-100		6.8 0
-1.0
0	261	350	75	0	-100		6.8 0
1.76
0	348	350	0	-848	-850		6.8 0
0.82
0	348	350	174	-348	-350		6.8 0
1.16
0	348	350	212	-848	-850		6.8 0
0.82
0	348	350	261	-348	-350		6.8 0
0.82
0	348	350	348	-348	-350		6.8 0
1.16
0	348	350	424	-848	-850		6.8 0
1.16
0	348	350	636	-848	-850		6.8 0
1.16
0	348	350	848	-848	-850		6.8 0
0.82
0	348	350	87	-348	-350		6.8 0
1.6
0	424	850	0	-212	-850		6.8 0
0.82
0	450	600	450	-450	-600		6.8 0
1.74
0	450	600	600	-450	-600		6.8 0
1.76
0	636	850	87	-87	-350		6.8 0
1.74
0	75	100	100	-75	-100		6.8 0
0.82
0	75	100	75	-75	-100		6.8 0
1.74
0	825	1100	1100	-825	-1100		6.8 0
-0.94
0	825	1100	174	0	-350		6.8 0
1.76
0	825	1100	261	0	-350		6.8 0
0.82
0	825	1100	825	-825	-1100		6.8 0
0.82
0	848	850	212	-848	-850		6.8 0
0.82
0	848	850	424	-848	-850		6.8 0
0.82
0	848	850	636	-848	-850		6.8 0
0.82
0	848	850	848	-848	-850		6.8 0
-0.94
-1100	550	1100	0	-212	-850		6.8 0
-1.44
-1100	550	1100	150	0	-600		6.8 0
-1.0
-1100	550	1100	212	-212	-850		6.8 0
-0.94
-1100	550	1100	300	0	-600		6.8 0
-0.8
-1100	550	1100	450	0	-600		6.8 0
0.26
-1100	825	1100	0	-212	-850		6.8 0
0.26
-1100	825	1100	150	0	-600		6.8 0
-0.36
-1100	825	1100	212	0	-850		6.8 0
1.76
-150	150	600	150	0	-600		6.8 0
0.64
-150	450	600	0	-87	-350		6.8 0
0.82
-150	450	600	600	-450	-600		6.8 0
0.76
-174	348	350	0	-848	-850		6.8 0
1.76
-174	348	350	212	-848	-850		6.8 0
0.82
-174	348	350	261	-348	-350		6.8 0
0.82
-174	348	350	348	-348	-350		6.8 0
1.76
-174	348	350	424	-848	-850		6.8 0
1.76
-174	348	350	636	-848	-850		6.8 0
1.16
-174	348	350	848	-848	-850		6.8 0
-0.34
-212	636	850	0	-87	-350		6.8 0
0.8
-212	636	850	174	0	-350		6.8 0
0.82
-212	636	850	848	-636	-850		6.8 0
-0.36
-212	636	850	87	0	-350		6.8 0
-0.24
-212	636	850	87	-87	-350		6.8 0
0.82
-212	848	850	424	-848	-850		6.8 0
0.82
-212	848	850	636	-848	-850		6.8 0
0.82
-212	848	850	848	-848	-850		6.8 0
1.76
-25	25	100	25	0	-100		6.8 0
0.82
-25	75	100	100	-75	-100		6.8 0
-0.68
-261	174	350	0	-174	-350		6.8 0
0.76
-261	348	350	0	-848	-850		6.8 0
0.76
-261	348	350	212	-848	-850		6.8 0
0.82
-261	348	350	348	-348	-350		6.8 0
1.76
-261	348	350	424	-848	-850		6.8 0
1.76
-261	348	350	636	-848	-850		6.8 0
1.76
-261	348	350	848	-848	-850		6.8 0
-1.58
-275	0	1100	424	-848	-850		6.8 0
1.76
-275	275	1100	275	0	-1100		6.8 0
-0.36
-275	825	1100	0	-150	-600		6.8 0
0.82
-275	825	1100	1100	-825	-1100		6.8 0
0.34
-275	825	1100	174	0	-350		6.8 0
-0.24
-275	825	1100	261	0	-350		6.8 0
-0.34
-275	825	1100	87	0	-350		6.8 0
-1.4
-300	0	600	0	-848	-850		6.8 0
-0.28
-300	450	600	0	-87	-350		6.8 0
-0.68
-348	174	350	0	-174	-350		6.8 0
0.64
-348	261	350	0	-87	-350		6.8 0
0.76
-348	348	350	0	-848	-850		6.8 0
0.76
-348	348	350	212	-848	-850		6.8 0
0.76
-348	348	350	424	-848	-850		6.8 0
1.76
-348	348	350	636	-848	-850		6.8 0
1.76
-348	348	350	848	-848	-850		6.8 0
-1.54
-424	0	850	212	-848	-850		6.8 0
-0.36
-424	636	850	0	-150	-600		6.8 0
-0.24
-424	636	850	174	0	-350		6.8 0
0.06
-424	636	850	87	0	-350		6.8 0
0.82
-424	848	850	636	-848	-850		6.8 0
0.82
-424	848	850	848	-848	-850		6.8 0
-1.12
-450	0	600	0	-848	-850		6.8 0
1.76
-450	300	600	261	0	-350		6.8 0
0.32
-450	450	600	87	0	-350		6.8 0
-1.4
-550	0	1100	424	-848	-850		6.8 0
-1.4
-550	0	1100	636	-848	-850		6.8 0
0.06
-550	825	1100	0	-150	-600		6.8 0
0.64
-550	825	1100	0	-212	-850		6.8 0
-0.36
-550	825	1100	150	0	-600		6.8 0
-0.52
-600	300	600	174	0	-350		6.8 0
1.76
-600	300	600	261	0	-350		6.8 0
0.26
-600	450	600	87	0	-350		6.8 0
-0.86
-636	0	850	212	-848	-850		6.8 0
-1.48
-636	0	850	424	-848	-850		6.8 0
-0.68
-636	424	850	0	-424	-850		6.8 0
-0.4
-636	424	850	150	-150	-600		6.8 0
0.08
-636	636	850	0	-150	-600		6.8 0
0.64
-636	636	850	150	0	-600		6.8 0
0.82
-636	848	850	848	-848	-850		6.8 0
-0.86
-825	0	1100	424	-848	-850		6.8 0
-1.48
-825	0	1100	636	-848	-850		6.8 0
-1.4
-825	0	1100	848	-848	-850		6.8 0
-0.4
-825	550	1100	450	0	-600		6.8 0
0.32
-825	825	1100	0	-212	-850		6.8 0
0.08
-825	825	1100	150	0	-600		6.8 0
-1.44
-848	424	850	0	-150	-600		6.8 0
-0.68
-848	424	850	0	-424	-850		6.8 0
-0.94
-848	424	850	150	-150	-600		6.8 0
0.26
-848	636	850	0	-150	-600		6.8 0
0.64
-848	636	850	0	-212	-850		6.8 0
0.32
-848	636	850	150	0	-600		6.8 0
0.82
-87	261	350	348	-261	-350		6.8 0
-0.34
-87	261	350	50	0	-100		6.8 0
0.34
-87	261	350	75	0	-100		6.8 0
0.76
-87	348	350	0	-848	-850		6.8 0
0.82
-87	348	350	174	-348	-350		6.8 0
1.76
-87	348	350	212	-848	-850		6.8 0
0.82
-87	348	350	261	-348	-350		6.8 0
0.82
-87	348	350	348	-348	-350		6.8 0
1.76
-87	348	350	424	-848	-850		6.8 0
1.16
-87	348	350	636	-848	-850		6.8 0
1.16
-87	348	350	848	-848	-850		6.8 0
0.66
0	150	600	0	-636	-850		7.2 0
2.5
0	150	600	1100	-275	-1100		7.2 0
0.12
0	150	600	1100	-550	-1100		7.2 0
2.22
0	150	600	275	-550	-1100		7.2 0
1.7
0	150	600	348	-174	-350		7.2 0
-0.6
0	150	600	450	-150	-600		7.2 0
1.22
0	150	600	550	-550	-1100		7.2 0
1.56
0	150	600	600	-150	-600		7.2 0
1.24
0	150	600	636	-212	-850		7.2 0
2.44
0	150	600	825	-275	-1100		7.2 0
0.86
0	150	600	825	-550	-1100		7.2 0
2.82
0	150	600	848	-212	-850		7.2 0
3.22
0	174	350	1100	-275	-1100		7.2 0
2.56
0	174	350	1100	-550	-1100		7.2 0
2.36
0	174	350	212	-424	-850		7.2 0
2.14
0	174	350	275	-550	-1100		7.2 0
1.32
0	174	350	424	-424	-850		7.2 0
-0.18
0	174	350	450	-150	-600		7.2 0
3.48
0	174	350	550	-550	-1100		7.2 0
2.3
0	174	350	600	-150	-600		7.2 0
2.14
0	174	350	636	-212	-850		7.2 0
2.4
0	174	350	636	-424	-850		7.2 0
2.14
0	174	350	825	-275	-1100		7.2 0
2.56
0	174	350	825	-550	-1100		7.2 0
2.8
0	174	350	848	-212	-850		7.2 0
2.2
0	174	350	848	-424	-850		7.2 0
1.66
0	212	850	0	-825	-1100		7.2 0
1.82
0	212	850	1100	-275	-1100		7.2 0
1.66
0	212	850	212	-636	-850		7.2 0
0.88
0	212	850	275	-825	-1100		7.2 0
0.92
0	212	850	424	-636	-850		7.2 0
1.66
0	212	850	450	-300	-600		7.2 0
0.62
0	212	850	600	-300	-600		7.2 0
-0.5
0	212	850	636	-212	-850		7.2 0
2.26
0	212	850	825	-275	-1100		7.2 0
1.22
0	212	850	848	-212	-850		7.2 0
0.12
0	25	100	0	-261	-350		7.2 0
2.5
0	25	100	0	-450	-600		7.2 0
2.62
0	25	100	0	-636	-850		7.2 0
2.62
0	25	100	0	-825	-1100		7.2 0
1.56
0	25	100	100	-25	-100		7.2 0
3.26
0	25	100	1100	-275	-1100		7.2 0
2.62
0	25	100	1100	-550	-1100		7.2 0
2.62
0	25	100	1100	-825	-1100		7.2 0
3.26
0	25	100	150	-300	-600		7.2 0
2.5
0	25	100	150	-450	-600		7.2 0
3.26
0	25	100	174	-174	-350		7.2 0
0.12
0	25	100	174	-261	-350		7.2 0
3.26
0	25	100	212	-424	-850		7.2 0
2.62
0	25	100	212	-636	-850		7.2 0
2.56
0	25	100	261	-174	-350		7.2 0
0.12
0	25	100	261	-261	-350		7.2 0
2.3
0	25	100	261	-87	-350		7.2 0
3.26
0	25	100	275	-550	-1100		7.2 0
2.62
0	25	100	275	-825	-1100		7.2 0
3.48
0	25	100	300	-300	-600		7.2 0
2.5
0	25	100	300	-450	-600		7.2 0
2.56
0	25	100	348	-174	-350		7.2 0
0.12
0	25	100	348	-261	-350		7.2 0
3.26
0	25	100	348	-87	-350		7.2 0
3.26
0	25	100	424	-424	-850		7.2 0
2.62
0	25	100	424	-636	-850		7.2 0
3.26
0	25	100	450	-150	-600		7.2 0
2.62
0	25	100	450	-300	-600		7.2 0
2.5
0	25	100	450	-450	-600		7.2 0
3.48
0	25	100	550	-550	-1100		7.2 0
2.62
0	25	100	550	-825	-1100		7.2 0
3.26
0	25	100	600	-150	-600		7.2 0
2.62
0	25	100	600	-300	-600		7.2 0
2.5
0	25	100	600	-450	-600		7.2 0
3.26
0	25	100	636	-212	-850		7.2 0
2.62
0	25	100	636	-424	-850		7.2 0
2.62
0	25	100	636	-636	-850		7.2 0
-0.6
0	25	100	75	-25	-100		7.2 0
3.26
0	25	100	825	-275	-1100		7.2 0
2.62
0	25	100	825	-550	-1100		7.2 0
2.62
0	25	100	825	-825	-1100		7.2 0
3.26
0	25	100	848	-212	-850		7.2 0
2.62
0	25	100	848	-424	-850		7.2 0
2.62
0	25	100	848	-636	-850		7.2 0
2.3
0	25	100	87	-174	-350		7.2 0
0.12
0	25	100	87	-261	-350		7.2 0
1.56
0	275	1100	1100	-275	-1100		7.2 0
1.7
0	275	1100	600	-300	-600		7.2 0
-0.6
0	275	1100	825	-275	-1100		7.2 0
-0.06
0	87	350	0	-825	-1100		7.2 0
3.26
0	87	350	1100	-275	-1100		7.2 0
2.5
0	87	350	1100	-550	-1100		7.2 0
-0.06
0	87	350	1100	-825	-1100		7.2 0
2.22
0	87	350	150	-300	-600		7.2 0
0.92
0	87	350	174	-261	-350		7.2 0
2.82
0	87	350	212	-424	-850		7.2 0
-0.5
0	87	350	261	-87	-350		7.2 0
2.72
0	87	350	275	-550	-1100		7.2 0
-0.06
0	87	350	275	-825	-1100		7.2 0
2.34
0	87	350	300	-300	-600		7.2 0
1.22
0	87	350	348	-87	-350		7.2 0
0.82
0	87	350	424	-424	-850		7.2 0
2.22
0	87	350	450	-150	-600		7.2 0
0.72
0	87	350	450	-300	-600		7.2 0
3.04
0	87	350	550	-550	-1100		7.2 0
-0.06
0	87	350	550	-825	-1100		7.2 0
2.16
0	87	350	600	-150	-600		7.2 0
-0.06
0	87	350	600	-300	-600		7.2 0
1.98
0	87	350	636	-212	-850		7.2 0
0.2
0	87	350	636	-424	-850		7.2 0
2.3
0	87	350	825	-275	-1100		7.2 0
2.5
0	87	350	825	-550	-1100		7.2 0
-0.06
0	87	350	825	-825	-1100		7.2 0
2.6
0	87	350	848	-212	-850		7.2 0
0.24
0	87	350	848	-424	-850		7.2 0
1.66
0	87	350	87	-261	-350		7.2 0
0.72
-150	0	600	0	-636	-850		7.2 0
2.82
-150	0	600	1100	-275	-1100		7.2 0
0.92
-150	0	600	212	-636	-850		7.2 0
-0.2
-150	0	600	450	-300	-600		7.2 0
1.1
-150	0	600	600	-300	-600		7.2 0
1.7
-150	0	600	636	-212	-850		7.2 0
1.24
-150	0	600	825	-275	-1100		7.2 0
2.22
-150	0	600	848	-212	-850		7.2 0
1.58
-150	150	600	1100	-275	-1100		7.2 0
1.4
-150	150	600	636	-212	-850		7.2 0
1.92
-150	150	600	825	-275	-1100		7.2 0
1.82
-150	150	600	848	-212	-850		7.2 0
3.66
-174	0	350	1100	-275	-1100		7.2 0
0.02
-174	0	350	1100	-550	-1100		7.2 0
1.56
-174	0	350	212	-424	-850		7.2 0
2.82
-174	0	350	275	-550	-1100		7.2 0
2.08
-174	0	350	424	-424	-850		7.2 0
1.7
-174	0	350	450	-150	-600		7.2 0
0.5
-174	0	350	550	-550	-1100		7.2 0
1.78
-174	0	350	600	-150	-600		7.2 0
2.82
-174	0	350	636	-212	-850		7.2 0
1.08
-174	0	350	636	-424	-850		7.2 0
2.22
-174	0	350	825	-275	-1100		7.2 0
-0.02
-174	0	350	825	-550	-1100		7.2 0
1.58
-174	0	350	848	-212	-850		7.2 0
0.64
-174	0	350	848	-424	-850		7.2 0
3.2
-174	87	350	1100	-275	-1100		7.2 0
2.2
-174	87	350	1100	-550	-1100		7.2 0
2.36
-174	87	350	275	-550	-1100		7.2 0
1.4
-174	87	350	550	-550	-1100		7.2 0
0.3
-174	87	350	636	-212	-850		7.2 0
2.14
-174	87	350	825	-275	-1100		7.2 0
2.4
-174	87	350	825	-550	-1100		7.2 0
2.36
-174	87	350	848	-212	-850		7.2 0
1.78
-212	0	850	424	-636	-850		7.2 0
0.72
-212	0	850	600	-300	-600		7.2 0
0.92
-212	0	850	636	-636	-850		7.2 0
0.64
-25	0	100	0	-450	-600		7.2 0
2.5
-25	0	100	0	-636	-850		7.2 0
2.62
-25	0	100	0	-825	-1100		7.2 0
1.1
-25	0	100	100	-50	-100		7.2 0
3.26
-25	0	100	1100	-275	-1100		7.2 0
2.62
-25	0	100	1100	-550	-1100		7.2 0
2.62
-25	0	100	1100	-825	-1100		7.2 0
2.6
-25	0	100	150	-300	-600		7.2 0
1.64
-25	0	100	150	-450	-600		7.2 0
3.76
-25	0	100	174	-174	-350		7.2 0
3.26
-25	0	100	212	-424	-850		7.2 0
2.5
-25	0	100	212	-636	-850		7.2 0
1.2
-25	0	100	261	-174	-350		7.2 0
2.2
-25	0	100	261	-87	-350		7.2 0
3.26
-25	0	100	275	-550	-1100		7.2 0
2.62
-25	0	100	275	-825	-1100		7.2 0
3.48
-25	0	100	300	-300	-600		7.2 0
1.64
-25	0	100	300	-450	-600		7.2 0
1.24
-25	0	100	348	-174	-350		7.2 0
2.98
-25	0	100	348	-87	-350		7.2 0
3.26
-25	0	100	424	-424	-850		7.2 0
2.5
-25	0	100	424	-636	-850		7.2 0
2.6
-25	0	100	450	-150	-600		7.2 0
2.62
-25	0	100	450	-300	-600		7.2 0
1.64
-25	0	100	450	-450	-600		7.2 0
3.48
-25	0	100	550	-550	-1100		7.2 0
2.62
-25	0	100	550	-825	-1100		7.2 0
3.26
-25	0	100	600	-150	-600		7.2 0
2.62
-25	0	100	600	-300	-600		7.2 0
1.64
-25	0	100	600	-450	-600		7.2 0
3.26
-25	0	100	636	-212	-850		7.2 0
2.62
-25	0	100	636	-424	-850		7.2 0
2.5
-25	0	100	636	-636	-850		7.2 0
-0.2
-25	0	100	75	-50	-100		7.2 0
3.26
-25	0	100	825	-275	-1100		7.2 0
2.62
-25	0	100	825	-550	-1100		7.2 0
2.62
-25	0	100	825	-825	-1100		7.2 0
3.26
-25	0	100	848	-212	-850		7.2 0
2.62
-25	0	100	848	-424	-850		7.2 0
2.5
-25	0	100	848	-636	-850		7.2 0
2.2
-25	0	100	87	-174	-350		7.2 0
2.2
-25	25	100	0	-450	-600		7.2 0
2.56
-25	25	100	0	-636	-850		7.2 0
2.62
-25	25	100	0	-825	-1100		7.2 0
3.22
-25	25	100	1100	-275	-1100		7.2 0
2.62
-25	25	100	1100	-550	-1100		7.2 0
2.62
-25	25	100	1100	-825	-1100		7.2 0
2.8
-25	25	100	150	-300	-600		7.2 0
2.4
-25	25	100	150	-450	-600		7.2 0
2.32
-25	25	100	174	-174	-350		7.2 0
3.22
-25	25	100	212	-424	-850		7.2 0
2.56
-25	25	100	212	-636	-850		7.2 0
2.3
-25	25	100	261	-174	-350		7.2 0
2.3
-25	25	100	261	-87	-350		7.2 0
3.22
-25	25	100	275	-550	-1100		7.2 0
2.62
-25	25	100	275	-825	-1100		7.2 0
3.48
-25	25	100	300	-300	-600		7.2 0
2.4
-25	25	100	300	-450	-600		7.2 0
2.5
-25	25	100	348	-174	-350		7.2 0
2.8
-25	25	100	348	-87	-350		7.2 0
3.22
-25	25	100	424	-424	-850		7.2 0
2.56
-25	25	100	424	-636	-850		7.2 0
2.8
-25	25	100	450	-150	-600		7.2 0
2.62
-25	25	100	450	-300	-600		7.2 0
2.4
-25	25	100	450	-450	-600		7.2 0
3.48
-25	25	100	550	-550	-1100		7.2 0
2.62
-25	25	100	550	-825	-1100		7.2 0
3.22
-25	25	100	600	-150	-600		7.2 0
2.62
-25	25	100	600	-300	-600		7.2 0
2.4
-25	25	100	600	-450	-600		7.2 0
3.22
-25	25	100	636	-212	-850		7.2 0
2.62
-25	25	100	636	-424	-850		7.2 0
2.56
-25	25	100	636	-636	-850		7.2 0
3.22
-25	25	100	825	-275	-1100		7.2 0
2.62
-25	25	100	825	-550	-1100		7.2 0
2.62
-25	25	100	825	-825	-1100		7.2 0
3.22
-25	25	100	848	-212	-850		7.2 0
2.62
-25	25	100	848	-424	-850		7.2 0
2.56
-25	25	100	848	-636	-850		7.2 0
2.68
-25	25	100	87	-174	-350		7.2 0
2.36
-261	0	350	1100	-275	-1100		7.2 0
0.86
-261	0	350	1100	-550	-1100		7.2 0
1.86
-261	0	350	275	-550	-1100		7.2 0
1.22
-261	0	350	550	-550	-1100		7.2 0
1.92
-261	0	350	636	-212	-850		7.2 0
0.78
-261	0	350	825	-275	-1100		7.2 0
1.26
-261	0	350	825	-550	-1100		7.2 0
1.58
-261	0	350	848	-212	-850		7.2 0
1.1
-275	0	1100	1100	-550	-1100		7.2 0
-0.2
-275	0	1100	825	-550	-1100		7.2 0
1.66
-275	0	1100	848	-424	-850		7.2 0
1.78
-300	0	600	1100	-275	-1100		7.2 0
1.32
-300	0	600	636	-212	-850		7.2 0
1.66
-300	0	600	825	-275	-1100		7.2 0
1.3
-300	0	600	848	-212	-850		7.2 0
2.36
-348	0	350	1100	-275	-1100		7.2 0
0.3
-348	0	350	825	-275	-1100		7.2 0
0.88
-50	0	100	0	-450	-600		7.2 0
2.5
-50	0	100	0	-636	-850		7.2 0
2.56
-50	0	100	0	-825	-1100		7.2 0
3.22
-50	0	100	1100	-275	-1100		7.2 0
2.62
-50	0	100	1100	-550	-1100		7.2 0
2.56
-50	0	100	1100	-825	-1100		7.2 0
3.3
-50	0	100	150	-300	-600		7.2 0
0.88
-50	0	100	150	-450	-600		7.2 0
2.36
-50	0	100	174	-174	-350		7.2 0
3.22
-50	0	100	212	-424	-850		7.2 0
2.5
-50	0	100	212	-636	-850		7.2 0
0.2
-50	0	100	261	-174	-350		7.2 0
1.46
-50	0	100	261	-87	-350		7.2 0
3.22
-50	0	100	275	-550	-1100		7.2 0
2.56
-50	0	100	275	-825	-1100		7.2 0
3.48
-50	0	100	300	-300	-600		7.2 0
0.88
-50	0	100	300	-450	-600		7.2 0
0.24
-50	0	100	348	-174	-350		7.2 0
2.76
-50	0	100	348	-87	-350		7.2 0
3.22
-50	0	100	424	-424	-850		7.2 0
2.5
-50	0	100	424	-636	-850		7.2 0
2.32
-50	0	100	450	-150	-600		7.2 0
2.56
-50	0	100	450	-300	-600		7.2 0
0.88
-50	0	100	450	-450	-600		7.2 0
3.48
-50	0	100	550	-550	-1100		7.2 0
2.56
-50	0	100	550	-825	-1100		7.2 0
3.22
-50	0	100	600	-150	-600		7.2 0
2.56
-50	0	100	600	-300	-600		7.2 0
0.88
-50	0	100	600	-450	-600		7.2 0
3.22
-50	0	100	636	-212	-850		7.2 0
2.62
-50	0	100	636	-424	-850		7.2 0
2.5
-50	0	100	636	-636	-850		7.2 0
3.22
-50	0	100	825	-275	-1100		7.2 0
2.62
-50	0	100	825	-550	-1100		7.2 0
2.56
-50	0	100	825	-825	-1100		7.2 0
3.22
-50	0	100	848	-212	-850		7.2 0
2.62
-50	0	100	848	-424	-850		7.2 0
2.5
-50	0	100	848	-636	-850		7.2 0
0.78
-50	0	100	87	-174	-350		7.2 0
-1.06
-75	0	100	0	-450	-600		7.2 0
2.2
-75	0	100	0	-636	-850		7.2 0
2.68
-75	0	100	0	-825	-1100		7.2 0
3.22
-75	0	100	1100	-275	-1100		7.2 0
2.62
-75	0	100	1100	-550	-1100		7.2 0
2.68
-75	0	100	1100	-825	-1100		7.2 0
2.14
-75	0	100	150	-300	-600		7.2 0
-1.06
-75	0	100	150	-450	-600		7.2 0
2.36
-75	0	100	174	-174	-350		7.2 0
2.8
-75	0	100	212	-424	-850		7.2 0
2.4
-75	0	100	212	-636	-850		7.2 0
-0.02
-75	0	100	261	-174	-350		7.2 0
1.5
-75	0	100	261	-87	-350		7.2 0
3.22
-75	0	100	275	-550	-1100		7.2 0
2.68
-75	0	100	275	-825	-1100		7.2 0
3.48
-75	0	100	300	-300	-600		7.2 0
-1.06
-75	0	100	300	-450	-600		7.2 0
0.02
-75	0	100	348	-174	-350		7.2 0
2.56
-75	0	100	348	-87	-350		7.2 0
3.22
-75	0	100	424	-424	-850		7.2 0
2.4
-75	0	100	424	-636	-850		7.2 0
2.14
-75	0	100	450	-150	-600		7.2 0
2.56
-75	0	100	450	-300	-600		7.2 0
-1.06
-75	0	100	450	-450	-600		7.2 0
3.48
-75	0	100	550	-550	-1100		7.2 0
2.68
-75	0	100	550	-825	-1100		7.2 0
3.22
-75	0	100	600	-150	-600		7.2 0
2.56
-75	0	100	600	-300	-600		7.2 0
-1.06
-75	0	100	600	-450	-600		7.2 0
2.8
-75	0	100	636	-212	-850		7.2 0
2.62
-75	0	100	636	-424	-850		7.2 0
2.4
-75	0	100	636	-636	-850		7.2 0
3.22
-75	0	100	825	-275	-1100		7.2 0
2.62
-75	0	100	825	-550	-1100		7.2 0
2.68
-75	0	100	825	-825	-1100		7.2 0
3.22
-75	0	100	848	-212	-850		7.2 0
2.62
-75	0	100	848	-424	-850		7.2 0
2.4
-75	0	100	848	-636	-850		7.2 0
2.62
-75	0	100	87	-174	-350		7.2 0
0.66
-87	0	350	0	-450	-600		7.2 0
2.98
-87	0	350	1100	-275	-1100		7.2 0
1.24
-87	0	350	1100	-550	-1100		7.2 0
1.78
-87	0	350	174	-261	-350		7.2 0
2.22
-87	0	350	212	-424	-850		7.2 0
0.92
-87	0	350	261	-261	-350		7.2 0
2.58
-87	0	350	275	-550	-1100		7.2 0
1.9
-87	0	350	424	-424	-850		7.2 0
1.24
-87	0	350	450	-150	-600		7.2 0
0.92
-87	0	350	550	-550	-1100		7.2 0
2.82
-87	0	350	600	-150	-600		7.2 0
2.44
-87	0	350	636	-212	-850		7.2 0
0.12
-87	0	350	636	-424	-850		7.2 0
1.98
-87	0	350	825	-275	-1100		7.2 0
1.2
-87	0	350	825	-550	-1100		7.2 0
2.5
-87	0	350	848	-212	-850		7.2 0
0.12
-87	0	350	848	-424	-850		7.2 0
2.8
-87	87	350	1100	-275	-1100		7.2 0
2.4
-87	87	350	1100	-550	-1100		7.2 0
1.78
-87	87	350	212	-424	-850		7.2 0
1.8
-87	87	350	275	-550	-1100		7.2 0
2.18
-87	87	350	424	-424	-850		7.2 0
1.92
-87	87	350	450	-150	-600		7.2 0
1.4
-87	87	350	550	-550	-1100		7.2 0
1.58
-87	87	350	600	-150	-600		7.2 0
1.6
-87	87	350	636	-212	-850		7.2 0
0.9
-87	87	350	636	-424	-850		7.2 0
2.3
-87	87	350	825	-275	-1100		7.2 0
2.2
-87	87	350	825	-550	-1100		7.2 0
2.56
-87	87	350	848	-212	-850		7.2 0
0.16
-87	87	350	848	-424	-850		7.2 0
0.62
0	150	600	275	-825	-1100		7.6 0
0.94
0	150	600	424	-636	-850		7.6 0
2.76
0	174	350	150	0	-600		7.6 0
0.94
0	212	850	825	-825	-1100		7.6 0
0.62
0	87	350	300	-450	-600		7.6 0
1.1
-150	0	600	0	-825	-1100		7.6 0
2.14
-150	0	600	550	-825	-1100		7.6 0
0.94
-150	0	600	848	-636	-850		7.6 0
2.22
-150	150	600	275	0	-1100		7.6 0
2.76
-174	87	350	212	0	-850		7.6 0
0.94
-212	0	850	1100	-825	-1100		7.6 0
1.1
-212	0	850	275	-825	-1100		7.6 0
3.06
-261	0	350	212	0	-850		7.6 0
2.4
-348	0	350	275	0	-1100		7.6 0
-1.56
-87	0	350	212	-636	-850		7.6 0
0.94
-87	0	350	450	-450	-600		7.6 0
2.98
-87	87	350	150	0	-600		7.6 0
0.96
0	261	350	261	-261	-350		8.0 0
0.0
0	261	350	348	-261	-350		8.0 0
0.96
0	636	850	636	-636	-850		8.0 0
0.0
0	636	850	848	-636	-850		8.0 0
-0.36
0	261	350	0	-87	-350		8.4 0
1.54
0	261	350	174	0	-350		8.4 0
0.74
0	261	350	87	0	-350		8.4 0
0.94
0	300	600	0	-150	-600		8.4 0
-0.12
0	300	600	0	-212	-850		8.4 0
0.9
0	300	600	0	-275	-1100		8.4 0
1.6
0	300	600	150	0	-600		8.4 0
1.28
0	300	600	212	0	-850		8.4 0
2.22
0	300	600	275	0	-1100		8.4 0
0.94
0	50	100	0	-25	-100		8.4 0
1.6
0	50	100	25	0	-100		8.4 0
0.94
0	550	1100	0	-275	-1100		8.4 0
1.36
0	550	1100	212	0	-850		8.4 0
1.6
0	550	1100	275	0	-1100		8.4 0
-0.36
0	636	850	0	-212	-850		8.4 0
0.28
0	636	850	0	-275	-1100		8.4 0
0.74
0	636	850	212	0	-850		8.4 0
1.54
0	636	850	424	0	-850		8.4 0
0.48
0	825	1100	212	0	-850		8.4 0
0.86
-100	0	100	0	-87	-350		8.4 0
2.32
-100	0	100	87	0	-350		8.4 0
1.3
-150	300	600	0	-212	-850		8.4 0
1.44
-150	300	600	0	-275	-1100		8.4 0
1.02
-150	300	600	150	0	-600		8.4 0
1.44
-150	300	600	212	0	-850		8.4 0
1.48
-150	300	600	275	0	-1100		8.4 0
0.92
-174	174	350	0	-150	-600		8.4 0
1.4
-174	174	350	150	0	-600		8.4 0
0.68
-174	174	350	174	0	-350		8.4 0
-0.12
-174	174	350	87	0	-350		8.4 0
0.16
-212	424	850	0	-212	-850		8.4 0
0.28
-212	424	850	0	-275	-1100		8.4 0
0.8
-212	424	850	212	0	-850		8.4 0
0.7
-212	424	850	275	0	-1100		8.4 0
1.34
-212	424	850	424	0	-850		8.4 0
-0.36
-212	636	850	212	0	-850		8.4 0
1.02
-25	50	100	25	0	-100		8.4 0
-0.32
-261	174	350	0	-150	-600		8.4 0
-0.24
-261	174	350	150	0	-600		8.4 0
0.28
-261	174	350	300	0	-600		8.4 0
0.28
-261	261	350	150	0	-600		8.4 0
0.24
-261	87	350	0	-150	-600		8.4 0
0.64
-261	87	350	0	-212	-850		8.4 0
-0.28
-261	87	350	150	0	-600		8.4 0
0.9
-261	87	350	212	0	-850		8.4 0
0.3
-261	87	350	300	0	-600		8.4 0
-0.48
-261	87	350	87	0	-350		8.4 0
0.1
-275	550	1100	212	0	-850		8.4 0
1.02
-275	550	1100	275	0	-1100		8.4 0
-0.2
-300	150	600	0	-275	-1100		8.4 0
-0.3
-300	150	600	150	0	-600		8.4 0
-0.24
-300	150	600	212	0	-850		8.4 0
1.7
-300	150	600	275	0	-1100		8.4 0
0.48
-300	300	600	0	-212	-850		8.4 0
0.92
-300	300	600	0	-275	-1100		8.4 0
-0.24
-300	300	600	212	0	-850		8.4 0
1.4
-300	300	600	275	0	-1100		8.4 0
0.28
-300	300	600	424	0	-850		8.4 0
0.28
-300	450	600	212	0	-850		8.4 0
0.66
-348	174	350	0	-212	-850		8.4 0
0.28
-348	174	350	150	0	-600		8.4 0
0.52
-348	87	350	0	-150	-600		8.4 0
1.16
-348	87	350	0	-212	-850		8.4 0
-0.02
-348	87	350	150	0	-600		8.4 0
1.44
-348	87	350	212	0	-850		8.4 0
0.6
-348	87	350	300	0	-600		8.4 0
-0.12
-424	424	850	212	0	-850		8.4 0
1.1
-424	424	850	275	0	-1100		8.4 0
0.68
-424	424	850	424	0	-850		8.4 0
0.6
-424	424	850	550	0	-1100		8.4 0
0.2
-450	150	600	0	-275	-1100		8.4 0
0.02
-450	150	600	212	0	-850		8.4 0
0.7
-450	150	600	275	0	-1100		8.4 0
0.32
-450	300	600	0	-275	-1100		8.4 0
0.28
-450	300	600	212	0	-850		8.4 0
2.12
-450	300	600	275	0	-1100		8.4 0
-0.3
-50	25	100	25	0	-100		8.4 0
-0.3
-550	275	1100	275	0	-1100		8.4 0
1.36
-600	0	600	212	0	-850		8.4 0
-0.16
-600	0	600	275	0	-1100		8.4 0
0.52
-600	150	600	0	-275	-1100		8.4 0
0.46
-600	150	600	212	0	-850		8.4 0
-0.24
-600	150	600	275	0	-1100		8.4 0
0.6
-600	150	600	550	0	-1100		8.4 0
0.88
-600	300	600	275	0	-1100		8.4 0
-0.48
-636	212	850	212	0	-850		8.4 0
0.18
-636	212	850	275	0	-1100		8.4 0
0.48
-636	424	850	275	0	-1100		8.4 0
-0.52
-848	212	850	275	0	-1100		8.4 0
0.7
-87	174	350	0	-150	-600		8.4 0
0.16
-87	174	350	0	-87	-350		8.4 0
0.9
-87	174	350	150	0	-600		8.4 0
1.34
-87	174	350	174	0	-350		8.4 0
0.8
-87	174	350	87	0	-350		8.4 0
-0.36
-87	261	350	87	0	-350		8.4 0
0.1
0	0	100	0	-348	-350		8.8 0
0.6
0	0	100	0	-848	-850		8.8 0
1.36
0	0	100	0	-87	-350		8.8 0
0.14
0	0	100	100	-75	-100		8.8 0
0.1
0	0	100	174	-348	-350		8.8 0
0.6
0	0	100	212	-848	-850		8.8 0
0.1
0	0	100	261	-348	-350		8.8 0
0.1
0	0	100	348	-348	-350		8.8 0
0.6
0	0	100	424	-848	-850		8.8 0
0.6
0	0	100	636	-848	-850		8.8 0
0.14
0	0	100	75	-75	-100		8.8 0
0.6
0	0	100	848	-848	-850		8.8 0
1.32
0	0	100	87	0	-350		8.8 0
0.1
0	0	100	87	-348	-350		8.8 0
0.14
0	0	1100	1100	-825	-1100		8.8 0
0.28
0	0	1100	424	-848	-850		8.8 0
0.28
0	0	1100	636	-848	-850		8.8 0
0.14
0	0	1100	825	-825	-1100		8.8 0
0.14
0	0	1100	848	-636	-850		8.8 0
0.28
0	0	1100	848	-848	-850		8.8 0
1.28
0	0	350	0	-150	-600		8.8 0
1.52
0	0	350	0	-212	-850		8.8 0
1.36
0	0	350	0	-275	-1100		8.8 0
0.6
0	0	350	0	-848	-850		8.8 0
0.82
0	0	350	150	0	-600		8.8 0
3.46
0	0	350	150	-150	-600		8.8 0
0.64
0	0	350	150	-450	-600		8.8 0
0.14
0	0	350	174	-348	-350		8.8 0
1.34
0	0	350	212	0	-850		8.8 0
0.6
0	0	350	212	-848	-850		8.8 0
0.14
0	0	350	261	-261	-350		8.8 0
0.14
0	0	350	261	-348	-350		8.8 0
1.32
0	0	350	275	0	-1100		8.8 0
3.3
0	0	350	300	0	-600		8.8 0
0.12
0	0	350	300	-450	-600		8.8 0
0.14
0	0	350	348	-261	-350		8.8 0
0.14
0	0	350	348	-348	-350		8.8 0
0.6
0	0	350	424	-848	-850		8.8 0
0.1
0	0	350	450	-450	-600		8.8 0
0.1
0	0	350	600	-450	-600		8.8 0
0.6
0	0	350	636	-848	-850		8.8 0
0.6
0	0	350	848	-848	-850		8.8 0
0.14
0	0	350	87	-348	-350		8.8 0
1.28
0	0	600	0	-212	-850		8.8 0
1.28
0	0	600	0	-275	-1100		8.8 0
0.28
0	0	600	0	-848	-850		8.8 0
0.42
0	0	600	1100	-825	-1100		8.8 0
1.96
0	0	600	212	0	-850		8.8 0
1.68
0	0	600	212	-212	-850		8.8 0
0.02
0	0	600	212	-636	-850		8.8 0
0.28
0	0	600	212	-848	-850		8.8 0
0.14
0	0	600	261	-348	-350		8.8 0
0.82
0	0	600	275	0	-1100		8.8 0
3.46
0	0	600	275	-275	-1100		8.8 0
0.64
0	0	600	275	-825	-1100		8.8 0
0.14
0	0	600	348	-348	-350		8.8 0
3.38
0	0	600	424	0	-850		8.8 0
0.58
0	0	600	424	-636	-850		8.8 0
0.6
0	0	600	424	-848	-850		8.8 0
0.14
0	0	600	450	-450	-600		8.8 0
3.3
0	0	600	550	0	-1100		8.8 0
0.44
0	0	600	550	-825	-1100		8.8 0
0.14
0	0	600	600	-450	-600		8.8 0
0.12
0	0	600	636	-636	-850		8.8 0
0.6
0	0	600	636	-848	-850		8.8 0
0.42
0	0	600	825	-825	-1100		8.8 0
0.1
0	0	600	848	-636	-850		8.8 0
0.6
0	0	600	848	-848	-850		8.8 0
0.44
0	0	850	1100	-825	-1100		8.8 0
0.28
0	0	850	212	-848	-850		8.8 0
1.28
0	0	850	275	0	-1100		8.8 0
0.28
0	0	850	424	-848	-850		8.8 0
1.68
0	0	850	550	0	-1100		8.8 0
0.14
0	0	850	550	-825	-1100		8.8 0
0.14
0	0	850	600	-450	-600		8.8 0
0.14
0	0	850	636	-636	-850		8.8 0
0.28
0	0	850	636	-848	-850		8.8 0
3.38
0	0	850	825	0	-1100		8.8 0
0.94
0	0	850	825	-825	-1100		8.8 0
0.14
0	0	850	848	-636	-850		8.8 0
0.28
0	0	850	848	-848	-850		8.8 0
0.68
0	0	100	0	-261	-350		9.2 0
1.14
0	0	100	100	-25	-100		9.2 0
0.2
0	0	100	100	-50	-100		9.2 0
0.82
0	0	100	174	-261	-350		9.2 0
0.82
0	0	100	261	-261	-350		9.2 0
0.82
0	0	100	348	-261	-350		9.2 0
0.26
0	0	100	75	-50	-100		9.2 0
0.82
0	0	100	87	-261	-350		9.2 0
1.14
0	0	1100	1100	-275	-1100		9.2 0
0.2
0	0	1100	1100	-550	-1100		9.2 0
0.26
0	0	1100	825	-550	-1100		9.2 0
0.38
0	0	350	0	-636	-850		9.2 0
0.94
0	0	350	0	-825	-1100		9.2 0
0.64
0	0	350	1100	-825	-1100		9.2 0
1.18
0	0	350	150	-300	-600		9.2 0
0.68
0	0	350	212	-636	-850		9.2 0
-0.18
0	0	350	261	-174	-350		9.2 0
0.64
0	0	350	275	-825	-1100		9.2 0
0.32
0	0	350	300	-300	-600		9.2 0
-0.18
0	0	350	348	-174	-350		9.2 0
1.08
0	0	350	348	-87	-350		9.2 0
0.82
0	0	350	424	-636	-850		9.2 0
0.68
0	0	350	450	-300	-600		9.2 0
0.64
0	0	350	550	-825	-1100		9.2 0
0.68
0	0	350	600	-300	-600		9.2 0
0.82
0	0	350	636	-636	-850		9.2 0
0.64
0	0	350	825	-825	-1100		9.2 0
0.82
0	0	350	848	-636	-850		9.2 0
0.68
0	0	600	1100	-550	-1100		9.2 0
1.12
0	0	600	212	-424	-850		9.2 0
1.18
0	0	600	275	-550	-1100		9.2 0
1.18
0	0	600	424	-424	-850		9.2 0
0.26
0	0	600	450	-300	-600		9.2 0
0.32
0	0	600	550	-550	-1100		9.2 0
1.14
0	0	600	600	-150	-600		9.2 0
0.2
0	0	600	600	-300	-600		9.2 0
0.38
0	0	600	636	-424	-850		9.2 0
0.68
0	0	600	825	-550	-1100		9.2 0
0.68
0	0	600	848	-424	-850		9.2 0
1.18
0	0	850	1100	-275	-1100		9.2 0
0.38
0	0	850	1100	-550	-1100		9.2 0
0.18
0	0	850	550	-550	-1100		9.2 0
-0.18
0	0	850	636	-424	-850		9.2 0
1.18
0	0	850	825	-275	-1100		9.2 0
-0.04
0	0	850	825	-550	-1100		9.2 0
1.08
0	0	850	848	-212	-850		9.2 0
-0.18
0	0	850	848	-424	-850		9.2 0
0.58
0	150	600	0	-150	-600		9.2 0
-0.12
0	150	600	0	-87	-350		9.2 0
-0.28
0	150	600	1100	-825	-1100		9.2 0
-0.16
0	150	600	174	0	-350		9.2 0
-2.28
0	150	600	174	-87	-350		9.2 0
-0.52
0	150	600	261	0	-350		9.2 0
1.2
0	150	600	550	-825	-1100		9.2 0
1.2
0	150	600	636	-636	-850		9.2 0
-0.28
0	150	600	825	-825	-1100		9.2 0
0.08
0	150	600	848	-636	-850		9.2 0
1.2
0	150	600	87	0	-350		9.2 0
-0.56
0	150	600	87	-87	-350		9.2 0
0.98
0	212	850	0	-150	-600		9.2 0
1.12
0	212	850	0	-212	-850		9.2 0
-0.12
0	212	850	0	-424	-850		9.2 0
0.3
0	212	850	1100	-825	-1100		9.2 0
0.64
0	212	850	150	0	-600		9.2 0
-0.62
0	212	850	150	-150	-600		9.2 0
-1.34
0	212	850	174	0	-350		9.2 0
-0.56
0	212	850	261	0	-350		9.2 0
0.18
0	212	850	300	0	-600		9.2 0
-2.28
0	212	850	348	0	-350		9.2 0
0.58
0	25	100	0	-25	-100		9.2 0
0.88
0	261	350	0	-848	-850		9.2 0
0.4
0	261	350	174	-348	-350		9.2 0
1.4
0	261	350	261	-348	-350		9.2 0
1.4
0	261	350	348	-348	-350		9.2 0
0.3
0	275	1100	0	-212	-850		9.2 0
0.58
0	275	1100	0	-275	-1100		9.2 0
-2.32
0	275	1100	0	-424	-850		9.2 0
0.98
0	275	1100	150	0	-600		9.2 0
-0.56
0	275	1100	150	-150	-600		9.2 0
-0.66
0	275	1100	212	-212	-850		9.2 0
-0.16
0	275	1100	300	0	-600		9.2 0
-0.64
0	275	1100	450	0	-600		9.2 0
1.04
0	300	600	174	0	-350		9.2 0
-0.3
0	300	600	212	-848	-850		9.2 0
1.66
0	300	600	261	0	-350		9.2 0
-0.42
0	300	600	275	-825	-1100		9.2 0
-0.42
0	300	600	424	-636	-850		9.2 0
0.54
0	300	600	600	-450	-600		9.2 0
0.26
0	300	600	87	0	-350		9.2 0
0.4
0	450	600	0	-848	-850		9.2 0
1.4
0	450	600	212	-848	-850		9.2 0
0.88
0	450	600	424	-848	-850		9.2 0
0.88
0	450	600	636	-848	-850		9.2 0
0.54
0	50	100	100	-75	-100		9.2 0
0.5
0	550	1100	0	-212	-850		9.2 0
0.54
0	550	1100	1100	-825	-1100		9.2 0
0.5
0	550	1100	150	0	-600		9.2 0
0.94
0	550	1100	212	-212	-850		9.2 0
1.04
0	550	1100	300	0	-600		9.2 0
1.36
0	550	1100	424	0	-850		9.2 0
1.28
0	550	1100	450	0	-600		9.2 0
-0.3
0	550	1100	848	-848	-850		9.2 0
0.4
0	636	850	424	-848	-850		9.2 0
1.4
0	636	850	636	-848	-850		9.2 0
1.4
0	636	850	848	-848	-850		9.2 0
0.4
0	825	1100	636	-848	-850		9.2 0
1.2
0	825	1100	848	-636	-850		9.2 0
1.4
0	825	1100	848	-848	-850		9.2 0
-0.12
0	87	350	0	-174	-350		9.2 0
1.12
0	87	350	0	-87	-350		9.2 0
3.16
0	87	350	212	-636	-850		9.2 0
1.34
0	87	350	424	-636	-850		9.2 0
0.1
0	87	350	450	-450	-600		9.2 0
-0.28
0	87	350	600	-450	-600		9.2 0
1.34
0	87	350	636	-636	-850		9.2 0
1.34
0	87	350	848	-636	-850		9.2 0
-0.3
-100	0	100	0	-348	-350		9.2 0
-0.42
-100	0	100	87	-261	-350		9.2 0
1.4
-100	25	100	0	-348	-350		9.2 0
0.88
-100	25	100	87	-348	-350		9.2 0
1.4
-100	50	100	0	-348	-350		9.2 0
0.88
-100	50	100	87	-348	-350		9.2 0
0.4
-100	75	100	0	-348	-350		9.2 0
0.88
-100	75	100	174	-348	-350		9.2 0
0.88
-100	75	100	87	-348	-350		9.2 0
-0.12
-150	0	600	0	-150	-600		9.2 0
1.28
-150	0	600	1100	-825	-1100		9.2 0
1.12
-150	0	600	150	0	-600		9.2 0
-1.68
-150	0	600	150	-150	-600		9.2 0
-0.3
-150	0	600	174	0	-350		9.2 0
-0.06
-150	0	600	174	-87	-350		9.2 0
0.9
-150	0	600	261	0	-350		9.2 0
2.18
-150	0	600	825	-825	-1100		9.2 0
0.66
-150	150	600	0	-424	-850		9.2 0
-0.52
-150	150	600	174	0	-350		9.2 0
-1.1
-150	150	600	261	0	-350		9.2 0
-0.02
-150	150	600	348	0	-350		9.2 0
-1.12
-150	150	600	87	0	-350		9.2 0
-0.02
-150	300	600	212	-212	-850		9.2 0
1.4
-150	300	600	212	-848	-850		9.2 0
-0.06
-150	300	600	275	-825	-1100		9.2 0
2.98
-150	300	600	424	-636	-850		9.2 0
1.4
-150	300	600	424	-848	-850		9.2 0
-0.42
-150	300	600	550	-825	-1100		9.2 0
1.26
-150	300	600	600	-450	-600		9.2 0
2.98
-150	300	600	636	-636	-850		9.2 0
1.4
-150	300	600	636	-848	-850		9.2 0
-0.42
-150	300	600	825	-825	-1100		9.2 0
2.82
-150	300	600	848	-636	-850		9.2 0
0.4
-150	450	600	212	-848	-850		9.2 0
1.4
-150	450	600	424	-848	-850		9.2 0
1.4
-150	450	600	636	-848	-850		9.2 0
0.88
-150	450	600	848	-848	-850		9.2 0
0.1
-174	0	350	0	-174	-350		9.2 0
1.42
-174	0	350	0	-87	-350		9.2 0
1.0
-174	0	350	1100	-825	-1100		9.2 0
0.88
-174	0	350	174	0	-350		9.2 0
-0.28
-174	0	350	174	-87	-350		9.2 0
1.0
-174	0	350	550	-825	-1100		9.2 0
-0.16
-174	0	350	636	-636	-850		9.2 0
1.0
-174	0	350	825	-825	-1100		9.2 0
-0.02
-174	0	350	848	-636	-850		9.2 0
-1.06
-174	0	350	87	-87	-350		9.2 0
1.4
-174	174	350	0	-848	-850		9.2 0
0.88
-174	174	350	212	-848	-850		9.2 0
1.16
-174	174	350	300	-450	-600		9.2 0
1.62
-174	174	350	450	-450	-600		9.2 0
1.62
-174	174	350	600	-450	-600		9.2 0
0.4
-174	261	350	0	-848	-850		9.2 0
0.88
-174	261	350	212	-848	-850		9.2 0
0.4
-174	261	350	348	-348	-350		9.2 0
0.88
-174	261	350	424	-848	-850		9.2 0
-0.3
-212	0	850	0	-212	-850		9.2 0
0.18
-212	0	850	0	-275	-1100		9.2 0
-0.64
-212	0	850	0	-424	-850		9.2 0
0.96
-212	0	850	150	0	-600		9.2 0
0.2
-212	0	850	150	-150	-600		9.2 0
1.12
-212	0	850	212	0	-850		9.2 0
2.44
-212	0	850	212	-212	-850		9.2 0
0.4
-212	0	850	300	0	-600		9.2 0
-0.46
-212	212	850	0	-424	-850		9.2 0
-1.08
-212	212	850	150	0	-600		9.2 0
-1.08
-212	212	850	150	-150	-600		9.2 0
1.6
-212	212	850	300	0	-600		9.2 0
0.08
-212	212	850	450	0	-600		9.2 0
2.82
-212	424	850	1100	-825	-1100		9.2 0
0.92
-212	424	850	212	-212	-850		9.2 0
-0.24
-212	424	850	275	-275	-1100		9.2 0
0.88
-212	424	850	636	0	-850		9.2 0
1.5
-212	424	850	636	-848	-850		9.2 0
2.98
-212	424	850	825	-825	-1100		9.2 0
1.4
-212	424	850	848	-848	-850		9.2 0
0.4
-212	636	850	636	-848	-850		9.2 0
0.4
-212	636	850	848	-848	-850		9.2 0
-0.12
-25	0	100	0	-25	-100		9.2 0
0.26
-25	0	100	174	-261	-350		9.2 0
1.12
-25	0	100	25	0	-100		9.2 0
-1.68
-25	0	100	25	-25	-100		9.2 0
0.26
-25	0	100	261	-261	-350		9.2 0
0.26
-25	0	100	348	-261	-350		9.2 0
2.7
-25	0	100	87	-261	-350		9.2 0
1.26
-25	50	100	100	-75	-100		9.2 0
0.16
-261	0	350	0	-87	-350		9.2 0
-0.8
-261	0	350	1100	-825	-1100		9.2 0
-0.46
-261	0	350	174	-87	-350		9.2 0
-0.86
-261	0	350	550	-825	-1100		9.2 0
-0.86
-261	0	350	825	-825	-1100		9.2 0
-1.08
-261	0	350	87	-87	-350		9.2 0
0.4
-261	174	350	0	-848	-850		9.2 0
1.4
-261	174	350	212	-848	-850		9.2 0
0.88
-261	174	350	424	-848	-850		9.2 0
1.16
-261	174	350	450	-450	-600		9.2 0
1.36
-261	174	350	600	-450	-600		9.2 0
0.4
-261	261	350	0	-848	-850		9.2 0
1.4
-261	261	350	212	-848	-850		9.2 0
0.88
-261	261	350	424	-848	-850		9.2 0
0.88
-261	261	350	636	-848	-850		9.2 0
1.5
-261	87	350	0	-848	-850		9.2 0
0.14
-261	87	350	150	-150	-600		9.2 0
1.26
-261	87	350	174	0	-350		9.2 0
1.4
-261	87	350	212	-848	-850		9.2 0
0.92
-261	87	350	261	0	-350		9.2 0
-0.42
-261	87	350	424	-636	-850		9.2 0
0.88
-261	87	350	424	-848	-850		9.2 0
2.98
-261	87	350	450	-450	-600		9.2 0
2.98
-261	87	350	600	-450	-600		9.2 0
-0.42
-261	87	350	636	-636	-850		9.2 0
-0.16
-275	0	1100	0	-212	-850		9.2 0
-0.12
-275	0	1100	0	-275	-1100		9.2 0
2.02
-275	0	1100	212	0	-850		9.2 0
0.2
-275	0	1100	212	-212	-850		9.2 0
1.12
-275	0	1100	275	0	-1100		9.2 0
-1.68
-275	0	1100	275	-275	-1100		9.2 0
-0.3
-275	0	1100	300	0	-600		9.2 0
-1.32
-275	0	1100	424	0	-850		9.2 0
0.2
-275	0	1100	450	0	-600		9.2 0
-2.6
-275	275	1100	0	-212	-850		9.2 0
-1.08
-275	275	1100	212	-212	-850		9.2 0
-0.52
-275	275	1100	300	0	-600		9.2 0
-0.06
-275	275	1100	424	-212	-850		9.2 0
-1.04
-275	275	1100	450	0	-600		9.2 0
1.26
-275	550	1100	1100	-825	-1100		9.2 0
0.92
-275	550	1100	424	0	-850		9.2 0
1.5
-275	550	1100	848	-848	-850		9.2 0
0.4
-275	825	1100	848	-848	-850		9.2 0
-0.18
-300	0	600	0	-150	-600		9.2 0
0.22
-300	0	600	0	-424	-850		9.2 0
1.6
-300	0	600	150	-150	-600		9.2 0
-1.16
-300	0	600	261	0	-350		9.2 0
0.22
-300	0	600	348	0	-350		9.2 0
0.52
-300	150	600	0	-212	-850		9.2 0
1.78
-300	150	600	212	-212	-850		9.2 0
1.38
-300	150	600	300	0	-600		9.2 0
1.14
-300	150	600	424	0	-850		9.2 0
0.4
-300	150	600	550	-825	-1100		9.2 0
-0.3
-300	150	600	636	-848	-850		9.2 0
0.56
-300	150	600	825	-825	-1100		9.2 0
-0.3
-300	150	600	848	-636	-850		9.2 0
-0.3
-300	150	600	848	-848	-850		9.2 0
1.62
-300	300	600	1100	-825	-1100		9.2 0
1.4
-300	300	600	424	-848	-850		9.2 0
1.16
-300	300	600	550	-825	-1100		9.2 0
1.16
-300	300	600	636	-636	-850		9.2 0
1.4
-300	300	600	636	-848	-850		9.2 0
1.62
-300	300	600	825	-825	-1100		9.2 0
1.36
-300	300	600	848	-636	-850		9.2 0
1.4
-300	300	600	848	-848	-850		9.2 0
0.4
-300	450	600	212	-848	-850		9.2 0
0.4
-300	450	600	424	-848	-850		9.2 0
0.4
-300	450	600	636	-848	-850		9.2 0
1.4
-300	450	600	848	-848	-850		9.2 0
1.4
-348	174	350	212	-848	-850		9.2 0
1.4
-348	174	350	424	-848	-850		9.2 0
1.28
-348	174	350	450	-450	-600		9.2 0
1.28
-348	174	350	600	-450	-600		9.2 0
0.88
-348	174	350	636	-848	-850		9.2 0
0.88
-348	174	350	848	-848	-850		9.2 0
0.4
-348	261	350	0	-848	-850		9.2 0
0.4
-348	261	350	212	-848	-850		9.2 0
1.4
-348	261	350	424	-848	-850		9.2 0
0.88
-348	261	350	636	-848	-850		9.2 0
0.88
-348	261	350	848	-848	-850		9.2 0
0.02
-348	87	350	212	-212	-850		9.2 0
1.46
-348	87	350	212	-848	-850		9.2 0
2.98
-348	87	350	424	-636	-850		9.2 0
1.46
-348	87	350	424	-848	-850		9.2 0
1.16
-348	87	350	450	-450	-600		9.2 0
1.36
-348	87	350	600	-450	-600		9.2 0
2.82
-348	87	350	636	-636	-850		9.2 0
0.94
-348	87	350	636	-848	-850		9.2 0
2.82
-348	87	350	848	-636	-850		9.2 0
1.42
-424	0	850	0	-212	-850		9.2 0
1.36
-424	0	850	0	-275	-1100		9.2 0
0.1
-424	0	850	0	-424	-850		9.2 0
0.1
-424	0	850	150	0	-600		9.2 0
-1.06
-424	0	850	212	-212	-850		9.2 0
0.18
-424	0	850	275	-275	-1100		9.2 0
-2.56
-424	0	850	300	0	-600		9.2 0
0.88
-424	0	850	424	0	-850		9.2 0
-0.28
-424	0	850	424	-212	-850		9.2 0
0.62
-424	0	850	450	0	-600		9.2 0
1.16
-424	424	850	1100	-825	-1100		9.2 0
0.4
-424	636	850	848	-848	-850		9.2 0
1.7
-450	150	600	0	-212	-850		9.2 0
2.82
-450	150	600	1100	-825	-1100		9.2 0
1.58
-450	150	600	212	-212	-850		9.2 0
-0.56
-450	150	600	275	-275	-1100		9.2 0
1.74
-450	150	600	424	0	-850		9.2 0
1.5
-450	150	600	424	-848	-850		9.2 0
1.5
-450	150	600	636	-848	-850		9.2 0
2.98
-450	150	600	825	-825	-1100		9.2 0
1.4
-450	150	600	848	-848	-850		9.2 0
1.62
-450	300	600	1100	-825	-1100		9.2 0
1.16
-450	300	600	550	-825	-1100		9.2 0
0.4
-450	300	600	636	-848	-850		9.2 0
1.16
-450	300	600	825	-825	-1100		9.2 0
1.28
-450	300	600	848	-636	-850		9.2 0
1.4
-450	300	600	848	-848	-850		9.2 0
0.4
-450	450	600	424	-848	-850		9.2 0
0.4
-450	450	600	636	-848	-850		9.2 0
0.4
-450	450	600	848	-848	-850		9.2 0
-0.18
-50	0	100	0	-25	-100		9.2 0
1.64
-50	0	100	174	-261	-350		9.2 0
1.6
-50	0	100	25	-25	-100		9.2 0
1.64
-50	0	100	261	-261	-350		9.2 0
1.64
-50	0	100	348	-261	-350		9.2 0
1.24
-50	0	100	87	-261	-350		9.2 0
1.38
-50	25	100	50	0	-100		9.2 0
0.88
-50	50	100	0	-348	-350		9.2 0
0.88
-50	75	100	0	-348	-350		9.2 0
-0.18
-550	0	1100	0	-275	-1100		9.2 0
0.52
-550	0	1100	212	0	-850		9.2 0
-1.16
-550	0	1100	212	-212	-850		9.2 0
1.6
-550	0	1100	275	-275	-1100		9.2 0
-1.9
-550	0	1100	424	0	-850		9.2 0
0.22
-550	0	1100	424	-212	-850		9.2 0
0.3
-550	0	1100	636	0	-850		9.2 0
0.42
-550	0	1100	848	0	-850		9.2 0
0.5
-550	275	1100	212	0	-850		9.2 0
1.04
-550	275	1100	424	0	-850		9.2 0
1.38
-550	275	1100	550	0	-1100		9.2 0
1.04
-550	275	1100	636	0	-850		9.2 0
0.5
-600	0	600	0	-212	-850		9.2 0
0.52
-600	0	600	0	-275	-1100		9.2 0
0.36
-600	0	600	1100	-825	-1100		9.2 0
1.04
-600	0	600	212	-212	-850		9.2 0
1.78
-600	0	600	275	-275	-1100		9.2 0
1.74
-600	0	600	424	0	-850		9.2 0
1.5
-600	0	600	550	0	-1100		9.2 0
1.36
-600	150	600	1100	-825	-1100		9.2 0
1.1
-600	150	600	424	0	-850		9.2 0
1.16
-600	150	600	825	-825	-1100		9.2 0
1.4
-600	150	600	848	-848	-850		9.2 0
1.28
-600	300	600	1100	-825	-1100		9.2 0
1.28
-600	300	600	825	-825	-1100		9.2 0
0.4
-600	300	600	848	-848	-850		9.2 0
0.4
-600	450	600	636	-848	-850		9.2 0
0.4
-600	450	600	848	-848	-850		9.2 0
0.16
-636	0	850	0	-212	-850		9.2 0
1.54
-636	0	850	0	-275	-1100		9.2 0
-1.08
-636	0	850	212	-212	-850		9.2 0
1.74
-636	0	850	275	-275	-1100		9.2 0
-0.46
-636	0	850	424	-212	-850		9.2 0
1.26
-636	212	850	424	0	-850		9.2 0
0.88
-636	212	850	550	0	-1100		9.2 0
0.92
-636	212	850	636	0	-850		9.2 0
-0.56
-636	212	850	825	0	-1100		9.2 0
1.28
-636	424	850	1100	-825	-1100		9.2 0
1.64
-75	0	100	174	-261	-350		9.2 0
1.64
-75	0	100	261	-261	-350		9.2 0
1.64
-75	0	100	348	-261	-350		9.2 0
0.88
-75	25	100	0	-348	-350		9.2 0
0.88
-75	50	100	0	-348	-350		9.2 0
0.88
-75	75	100	0	-348	-350		9.2 0
0.88
-75	75	100	87	-348	-350		9.2 0
-1.08
-825	0	1100	424	0	-850		9.2 0
-1.1
-825	0	1100	636	0	-850		9.2 0
-0.04
-825	0	1100	848	0	-850		9.2 0
0.92
-848	212	850	550	0	-1100		9.2 0
-0.64
-87	0	350	0	-174	-350		9.2 0
-0.3
-87	0	350	0	-87	-350		9.2 0
1.76
-87	0	350	1100	-825	-1100		9.2 0
3.82
-87	0	350	275	-825	-1100		9.2 0
-1.1
-87	0	350	424	-636	-850		9.2 0
1.76
-87	0	350	550	-825	-1100		9.2 0
0.44
-87	0	350	600	-450	-600		9.2 0
-0.9
-87	0	350	636	-636	-850		9.2 0
1.76
-87	0	350	825	-825	-1100		9.2 0
-0.9
-87	0	350	848	-636	-850		9.2 0
1.12
-87	0	350	87	0	-350		9.2 0
2.44
-87	0	350	87	-87	-350		9.2 0
1.4
-87	174	350	0	-848	-850		9.2 0
0.88
-87	174	350	261	0	-350		9.2 0
1.5
-87	174	350	261	-348	-350		9.2 0
-0.42
-87	174	350	300	-450	-600		9.2 0
1.4
-87	174	350	348	-348	-350		9.2 0
-0.42
-87	174	350	450	-450	-600		9.2 0
0.92
-87	174	350	87	-87	-350		9.2 0
1.4
-87	261	350	0	-848	-850		9.2 0
0.88
-87	261	350	212	-848	-850		9.2 0
0.4
-87	261	350	261	-348	-350		9.2 0
0.4
-87	261	350	348	-348	-350		9.2 0
-0.46
-87	87	350	0	-174	-350		9.2 0
-0.16
-87	87	350	424	-636	-850		9.2 0
-0.02
-87	87	350	636	-636	-850		9.2 0
-0.02
-87	87	350	848	-636	-850		9.2 0
2.42
0	174	350	87	-87	-350		9.6 0
2.42
0	424	850	212	-212	-850		9.6 0
2.64
0	424	850	300	0	-600		9.6 0
0.22
-100	0	100	25	-75	-100		9.6 0
0.62
-100	0	100	50	-50	-100		9.6 0
0.3
-1100	0	1100	275	-825	-1100		9.6 0
0.62
-1100	0	1100	550	-550	-1100		9.6 0
-1.18
-150	150	600	0	-450	-600		9.6 0
1.0
-150	150	600	300	0	-600		9.6 0
2.06
-174	87	350	261	0	-350		9.6 0
-1.18
-25	25	100	0	-75	-100		9.6 0
1.0
-25	25	100	50	0	-100		9.6 0
-1.18
-275	275	1100	0	-825	-1100		9.6 0
1.0
-275	275	1100	550	0	-1100		9.6 0
0.22
-300	150	600	0	-450	-600		9.6 0
1.78
-348	0	350	150	-150	-600		9.6 0
3.34
-348	0	350	300	0	-600		9.6 0
1.78
-424	212	850	275	-275	-1100		9.6 0
3.34
-424	212	850	550	0	-1100		9.6 0
2.06
-424	212	850	636	0	-850		9.6 0
-0.38
-450	0	600	150	-450	-600		9.6 0
1.2
-450	0	600	212	-212	-850		9.6 0
3.34
-450	0	600	424	0	-850		9.6 0
0.4
-450	150	600	150	-300	-600		9.6 0
0.22
-50	25	100	0	-75	-100		9.6 0
0.22
-550	275	1100	0	-825	-1100		9.6 0
0.22
-600	0	600	150	-450	-600		9.6 0
0.62
-600	0	600	300	-300	-600		9.6 0
2.0
-636	0	850	550	0	-1100		9.6 0
-0.38
-75	0	100	25	-75	-100		9.6 0
0.4
-75	25	100	25	-50	-100		9.6 0
-0.7
-825	0	1100	275	-825	-1100		9.6 0
0.4
-825	275	1100	275	-550	-1100		9.6 0
2.66
-848	0	850	825	0	-1100		9.6 0
0.12
0	0	100	50	-75	-100		10.4 0
-0.2
0	0	1100	550	-825	-1100		10.4 0
0.32
0	0	1100	636	-636	-850		10.4 0
0.32
0	0	1100	848	-424	-850		10.4 0
0.32
0	0	350	0	-450	-600		10.4 0
0.32
0	0	350	174	-261	-350		10.4 0
0.32
0	0	600	0	-636	-850		10.4 0
0.02
0	0	600	0	-825	-1100		10.4 0
0.12
0	0	600	300	-450	-600		10.4 0
0.32
0	0	600	348	-261	-350		10.4 0
0.02
0	0	850	275	-825	-1100		10.4 0
0.32
0	0	850	424	-636	-850		10.4 0
0.32
0	0	850	450	-450	-600		10.4 0
0.32
0	0	850	600	-300	-600		10.4 0
2.54
0	100	100	0	-25	-100		10.4 0
1.82
0	1100	1100	0	-212	-850		10.4 0
2.54
0	1100	1100	0	-275	-1100		10.4 0
1.82
0	1100	1100	150	0	-600		10.4 0
1.74
0	1100	1100	212	0	-850		10.4 0
1.74
0	1100	1100	212	-212	-850		10.4 0
2.98
0	1100	1100	300	0	-600		10.4 0
1.74
0	1100	1100	450	0	-600		10.4 0
2.54
0	600	600	0	-150	-600		10.4 0
1.74
0	600	600	174	0	-350		10.4 0
1.82
0	600	600	87	0	-350		10.4 0
1.82
-150	600	600	0	-150	-600		10.4 0
2.54
-150	600	600	150	0	-600		10.4 0
2.54
-150	600	600	150	-150	-600		10.4 0
1.82
-25	100	100	0	-25	-100		10.4 0
2.54
-25	100	100	25	0	-100		10.4 0
2.54
-25	100	100	25	-25	-100		10.4 0
1.82
-275	1100	1100	0	-275	-1100		10.4 0
1.26
-275	1100	1100	212	0	-850		10.4 0
2.54
-275	1100	1100	275	0	-1100		10.4 0
2.54
-275	1100	1100	275	-275	-1100		10.4 0
1.74
-275	1100	1100	424	0	-850		10.4 0
1.74
-300	600	600	0	-212	-850		10.4 0
1.26
-300	600	600	150	0	-600		10.4 0
2.54
-300	600	600	300	0	-600		10.4 0
1.74
-450	600	600	0	-212	-850		10.4 0
1.82
-450	600	600	150	0	-600		10.4 0
2.36
-450	600	600	300	0	-600		10.4 0
2.54
-450	600	600	450	0	-600		10.4 0
1.26
-50	100	100	25	0	-100		10.4 0
2.54
-50	100	100	50	0	-100		10.4 0
1.82
-550	1100	1100	212	0	-850		10.4 0
1.26
-550	1100	1100	275	0	-1100		10.4 0
2.36
-550	1100	1100	424	0	-850		10.4 0
2.54
-550	1100	1100	550	0	-1100		10.4 0
2.36
-550	1100	1100	636	0	-850		10.4 0
1.82
-600	600	600	0	-212	-850		10.4 0
1.74
-600	600	600	0	-275	-1100		10.4 0
1.74
-600	600	600	212	0	-850		10.4 0
2.36
-600	600	600	212	-212	-850		10.4 0
1.82
-75	100	100	25	0	-100		10.4 0
2.36
-75	100	100	50	0	-100		10.4 0
2.54
-75	100	100	75	0	-100		10.4 0
1.82
-825	1100	1100	275	0	-1100		10.4 0
2.36
-825	1100	1100	550	0	-1100		10.4 0
2.54
-825	1100	1100	825	0	-1100		10.4 0
1.96
0	174	350	0	-300	-600		10.8 0
0.74
0	174	350	0	-636	-850		10.8 0
-0.62
0	174	350	0	-825	-1100		10.8 0
-0.62
0	174	350	1100	-825	-1100		10.8 0
2.26
0	174	350	150	-300	-600		10.8 0
1.22
0	174	350	174	-174	-350		10.8 0
2.16
0	174	350	174	-87	-350		10.8 0
1.4
0	174	350	212	-636	-850		10.8 0
1.64
0	174	350	261	-174	-350		10.8 0
1.64
0	174	350	261	-87	-350		10.8 0
-0.62
0	174	350	275	-825	-1100		10.8 0
0.76
0	174	350	300	-300	-600		10.8 0
1.64
0	174	350	348	-174	-350		10.8 0
2.14
0	174	350	348	-87	-350		10.8 0
-0.44
0	174	350	424	-636	-850		10.8 0
1.02
0	174	350	450	-300	-600		10.8 0
-0.62
0	174	350	550	-825	-1100		10.8 0
-0.62
0	174	350	600	-300	-600		10.8 0
-0.44
0	174	350	636	-636	-850		10.8 0
-0.62
0	174	350	825	-825	-1100		10.8 0
-0.44
0	174	350	848	-636	-850		10.8 0
1.22
0	174	350	87	-174	-350		10.8 0
0.64
0	424	850	0	-550	-1100		10.8 0
2.28
0	424	850	1100	-275	-1100		10.8 0
0.74
0	424	850	1100	-550	-1100		10.8 0
1.22
0	424	850	212	-424	-850		10.8 0
2.98
0	424	850	275	-275	-1100		10.8 0
0.2
0	424	850	275	-550	-1100		10.8 0
0.22
0	424	850	300	-150	-600		10.8 0
2.16
0	424	850	424	-212	-850		10.8 0
1.22
0	424	850	424	-424	-850		10.8 0
2.82
0	424	850	450	0	-600		10.8 0
-0.62
0	424	850	450	-150	-600		10.8 0
0.48
0	424	850	550	-275	-1100		10.8 0
1.04
0	424	850	550	-550	-1100		10.8 0
0.22
0	424	850	600	0	-600		10.8 0
-0.62
0	424	850	600	-150	-600		10.8 0
1.64
0	424	850	636	-212	-850		10.8 0
1.64
0	424	850	636	-424	-850		10.8 0
2.28
0	424	850	825	-275	-1100		10.8 0
1.68
0	424	850	825	-550	-1100		10.8 0
2.14
0	424	850	848	-212	-850		10.8 0
1.64
0	424	850	848	-424	-850		10.8 0
1.96
-150	150	600	0	-550	-1100		10.8 0
-1.04
-150	150	600	1100	-550	-1100		10.8 0
2.28
-150	150	600	275	-550	-1100		10.8 0
0.72
-150	150	600	450	-150	-600		10.8 0
1.56
-150	150	600	550	-550	-1100		10.8 0
0.48
-150	150	600	600	-150	-600		10.8 0
0.94
-150	150	600	825	-550	-1100		10.8 0
0.64
-174	87	350	0	-300	-600		10.8 0
1.0
-174	87	350	0	-424	-850		10.8 0
0.74
-174	87	350	0	-825	-1100		10.8 0
-0.44
-174	87	350	1100	-825	-1100		10.8 0
1.0
-174	87	350	150	-150	-600		10.8 0
-0.64
-174	87	350	150	-300	-600		10.8 0
2.26
-174	87	350	212	-424	-850		10.8 0
1.22
-174	87	350	261	-87	-350		10.8 0
1.4
-174	87	350	275	-825	-1100		10.8 0
1.96
-174	87	350	300	-150	-600		10.8 0
1.04
-174	87	350	300	-300	-600		10.8 0
2.82
-174	87	350	348	0	-350		10.8 0
1.22
-174	87	350	348	-87	-350		10.8 0
2.92
-174	87	350	424	-424	-850		10.8 0
2.4
-174	87	350	450	-150	-600		10.8 0
0.98
-174	87	350	450	-300	-600		10.8 0
-0.44
-174	87	350	550	-825	-1100		10.8 0
2.48
-174	87	350	600	-150	-600		10.8 0
0.74
-174	87	350	600	-300	-600		10.8 0
1.02
-174	87	350	636	-424	-850		10.8 0
-0.44
-174	87	350	825	-825	-1100		10.8 0
-0.62
-174	87	350	848	-424	-850		10.8 0
2.6
-212	212	850	1100	-275	-1100		10.8 0
1.96
-212	212	850	550	-275	-1100		10.8 0
-0.02
-212	212	850	636	-212	-850		10.8 0
2.28
-212	212	850	825	-275	-1100		10.8 0
0.68
-212	212	850	848	-212	-850		10.8 0
0.6
-25	25	100	0	-261	-350		10.8 0
0.48
-25	25	100	100	-25	-100		10.8 0
-1.04
-25	25	100	174	-261	-350		10.8 0
-1.04
-25	25	100	261	-261	-350		10.8 0
-1.04
-25	25	100	348	-261	-350		10.8 0
0.72
-25	25	100	75	-25	-100		10.8 0
-1.04
-25	25	100	87	-261	-350		10.8 0
1.54
-261	0	350	0	-424	-850		10.8 0
-0.18
-261	0	350	212	-424	-850		10.8 0
1.96
-261	0	350	300	-150	-600		10.8 0
1.1
-261	0	350	424	-424	-850		10.8 0
0.54
-261	0	350	450	-150	-600		10.8 0
2.46
-261	0	350	600	-150	-600		10.8 0
1.68
-261	0	350	636	-424	-850		10.8 0
0.74
-261	0	350	848	-424	-850		10.8 0
0.48
-275	275	1100	1100	-275	-1100		10.8 0
0.72
-275	275	1100	825	-275	-1100		10.8 0
2.82
-275	275	1100	848	0	-850		10.8 0
1.54
-348	0	350	0	-424	-850		10.8 0
1.96
-348	0	350	0	-550	-1100		10.8 0
-0.62
-348	0	350	1100	-550	-1100		10.8 0
1.0
-348	0	350	212	-212	-850		10.8 0
0.2
-348	0	350	212	-424	-850		10.8 0
2.26
-348	0	350	275	-550	-1100		10.8 0
0.64
-348	0	350	300	-150	-600		10.8 0
1.0
-348	0	350	424	-212	-850		10.8 0
1.08
-348	0	350	424	-424	-850		10.8 0
3.02
-348	0	350	450	0	-600		10.8 0
0.2
-348	0	350	450	-150	-600		10.8 0
0.76
-348	0	350	550	-550	-1100		10.8 0
0.52
-348	0	350	600	0	-600		10.8 0
1.2
-348	0	350	600	-150	-600		10.8 0
2.4
-348	0	350	636	-212	-850		10.8 0
1.68
-348	0	350	636	-424	-850		10.8 0
1.02
-348	0	350	825	-550	-1100		10.8 0
2.92
-348	0	350	848	-212	-850		10.8 0
0.74
-348	0	350	848	-424	-850		10.8 0
0.48
-424	212	850	1100	0	-1100		10.8 0
1.2
-424	212	850	1100	-275	-1100		10.8 0
0.64
-424	212	850	550	-275	-1100		10.8 0
1.22
-424	212	850	636	-212	-850		10.8 0
2.98
-424	212	850	825	0	-1100		10.8 0
0.2
-424	212	850	825	-275	-1100		10.8 0
2.82
-424	212	850	848	0	-850		10.8 0
1.22
-424	212	850	848	-212	-850		10.8 0
2.46
-450	0	600	1100	-275	-1100		10.8 0
1.54
-450	0	600	424	-212	-850		10.8 0
1.96
-450	0	600	550	-275	-1100		10.8 0
2.88
-450	0	600	636	0	-850		10.8 0
-0.64
-450	0	600	636	-212	-850		10.8 0
2.28
-450	0	600	825	-275	-1100		10.8 0
2.4
-450	0	600	848	0	-850		10.8 0
1.0
-450	0	600	848	-212	-850		10.8 0
0.52
-636	0	850	1100	0	-1100		10.8 0
0.26
-848	0	850	1100	0	-1100		10.8 0
0.64
-87	87	350	0	-300	-600		10.8 0
0.74
-87	87	350	0	-825	-1100		10.8 0
-0.44
-87	87	350	1100	-825	-1100		10.8 0
-0.18
-87	87	350	150	-300	-600		10.8 0
-0.02
-87	87	350	261	-87	-350		10.8 0
-0.44
-87	87	350	275	-825	-1100		10.8 0
0.28
-87	87	350	300	-300	-600		10.8 0
0.68
-87	87	350	348	-87	-350		10.8 0
1.68
-87	87	350	450	-300	-600		10.8 0
-0.44
-87	87	350	550	-825	-1100		10.8 0
0.74
-87	87	350	600	-300	-600		10.8 0
-0.44
-87	87	350	825	-825	-1100		10.8 0
3.8
0	174	350	0	-150	-600		12.0 0
1.4
0	174	350	174	0	-350		12.0 0
2.4
0	174	350	87	0	-350		12.0 0
1.9
0	424	850	0	-275	-1100		12.0 0
2.4
0	424	850	212	0	-850		12.0 0
3.8
0	424	850	275	0	-1100		12.0 0
1.4
0	424	850	424	0	-850		12.0 0
-0.68
0	848	850	150	-450	-600		12.0 0
-0.68
0	848	850	348	-174	-350		12.0 0
-0.6
-100	75	100	75	-50	-100		12.0 0
-0.6
-1100	825	1100	825	-550	-1100		12.0 0
-0.06
-150	150	600	0	-212	-850		12.0 0
2.1
-150	150	600	0	-275	-1100		12.0 0
2.26
-150	150	600	212	0	-850		12.0 0
-0.68
-174	348	350	87	-261	-350		12.0 0
1.98
-174	87	350	0	-150	-600		12.0 0
3.88
-174	87	350	0	-212	-850		12.0 0
3.84
-174	87	350	150	0	-600		12.0 0
1.34
-212	212	850	0	-275	-1100		12.0 0
2.22
-212	212	850	275	0	-1100		12.0 0
1.28
-212	212	850	424	0	-850		12.0 0
-0.68
-212	848	850	0	-636	-850		12.0 0
-1.04
-212	848	850	300	-300	-600		12.0 0
-0.68
-212	848	850	450	-300	-600		12.0 0
-0.68
-212	848	850	450	-450	-600		12.0 0
2.1
-261	0	350	0	-212	-850		12.0 0
2.3
-261	0	350	150	0	-600		12.0 0
-0.7
-261	348	350	0	-450	-600		12.0 0
-0.68
-261	348	350	174	-261	-350		12.0 0
1.98
-348	0	350	0	-212	-850		12.0 0
3.88
-348	0	350	0	-275	-1100		12.0 0
2.32
-348	0	350	150	0	-600		12.0 0
3.92
-348	0	350	212	0	-850		12.0 0
-0.04
-348	261	350	0	-450	-600		12.0 0
-0.7
-348	348	350	0	-450	-600		12.0 0
-0.68
-348	348	350	261	-174	-350		12.0 0
-0.68
-348	348	350	261	-261	-350		12.0 0
2.28
-424	212	850	275	0	-1100		12.0 0
-1.76
-424	636	850	450	-300	-600		12.0 0
-0.68
-424	848	850	0	-825	-1100		12.0 0
-0.68
-424	848	850	212	-636	-850		12.0 0
-0.68
-424	848	850	450	-300	-600		12.0 0
-0.68
-424	848	850	600	-300	-600		12.0 0
-0.68
-424	848	850	600	-450	-600		12.0 0
1.34
-450	0	600	0	-275	-1100		12.0 0
1.2
-450	0	600	212	0	-850		12.0 0
2.34
-450	0	600	275	0	-1100		12.0 0
-0.04
-450	450	600	0	-636	-850		12.0 0
-1.76
-450	450	600	300	-300	-600		12.0 0
-0.6
-600	450	600	450	-300	-600		12.0 0
-0.06
-636	636	850	600	-300	-600		12.0 0
-0.68
-636	848	850	275	-825	-1100		12.0 0
-0.68
-636	848	850	424	-636	-850		12.0 0
-0.68
-636	848	850	600	-300	-600		12.0 0
-1.76
-75	75	100	50	-50	-100		12.0 0
-1.76
-825	825	1100	550	-550	-1100		12.0 0
-1.04
-848	848	850	550	-550	-1100		12.0 0
-0.68
-848	848	850	550	-825	-1100		12.0 0
-0.68
-848	848	850	636	-424	-850		12.0 0
-0.68
-848	848	850	636	-636	-850		12.0 0
-0.68
-87	348	350	0	-261	-350		12.0 0
2.1
-87	87	350	0	-150	-600		12.0 0
1.28
-87	87	350	174	0	-350		12.0 0
1.68
0	848	850	0	-300	-600		12.4 0
0.98
0	848	850	150	-300	-600		12.4 0
1.08
0	848	850	261	-87	-350		12.4 0
0.98
0	848	850	348	-87	-350		12.4 0
1.68
-100	75	100	50	-25	-100		12.4 0
1.54
-100	75	100	75	-25	-100		12.4 0
1.68
-1100	825	1100	550	-275	-1100		12.4 0
1.54
-1100	825	1100	825	-275	-1100		12.4 0
0.06
-1100	825	1100	848	-212	-850		12.4 0
1.08
-174	348	350	87	-174	-350		12.4 0
3.06
-174	87	350	0	-87	-350		12.4 0
0.88
-174	87	350	87	-87	-350		12.4 0
1.68
-212	848	850	300	-150	-600		12.4 0
0.98
-212	848	850	450	-150	-600		12.4 0
3.58
-261	0	350	174	0	-350		12.4 0
0.9
-261	261	350	87	-174	-350		12.4 0
1.68
-261	348	350	0	-300	-600		12.4 0
0.98
-261	348	350	174	-174	-350		12.4 0
0.6
-261	348	350	87	-174	-350		12.4 0
1.06
-300	450	600	150	-300	-600		12.4 0
0.06
-300	450	600	348	-87	-350		12.4 0
3.06
-348	0	350	174	0	-350		12.4 0
0.88
-348	0	350	261	0	-350		12.4 0
3.06
-348	0	350	87	0	-350		12.4 0
0.06
-348	261	350	174	-174	-350		12.4 0
1.68
-348	348	350	0	-300	-600		12.4 0
0.6
-348	348	350	174	-174	-350		12.4 0
1.08
-348	348	350	261	-87	-350		12.4 0
3.06
-424	212	850	0	-212	-850		12.4 0
0.88
-424	212	850	212	-212	-850		12.4 0
1.68
-424	848	850	0	-550	-1100		12.4 0
1.08
-424	848	850	212	-424	-850		12.4 0
1.68
-424	848	850	300	-150	-600		12.4 0
1.08
-424	848	850	450	-150	-600		12.4 0
1.68
-424	848	850	600	0	-600		12.4 0
0.98
-424	848	850	600	-150	-600		12.4 0
2.44
-450	0	600	300	0	-600		12.4 0
1.06
-50	75	100	25	-50	-100		12.4 0
1.06
-550	825	1100	275	-550	-1100		12.4 0
0.06
-550	825	1100	424	-424	-850		12.4 0
1.68
-600	450	600	300	-150	-600		12.4 0
1.54
-600	450	600	450	-150	-600		12.4 0
3.58
-636	0	850	424	0	-850		12.4 0
0.9
-636	636	850	212	-424	-850		12.4 0
0.9
-636	636	850	450	-150	-600		12.4 0
0.06
-636	636	850	600	-150	-600		12.4 0
1.68
-636	848	850	0	-550	-1100		12.4 0
0.6
-636	848	850	212	-424	-850		12.4 0
0.98
-636	848	850	275	-550	-1100		12.4 0
0.98
-636	848	850	424	-424	-850		12.4 0
1.08
-636	848	850	450	-150	-600		12.4 0
1.68
-636	848	850	600	0	-600		12.4 0
0.98
-636	848	850	600	-150	-600		12.4 0
2.44
-75	0	100	50	0	-100		12.4 0
2.44
-825	0	1100	550	0	-1100		12.4 0
1.6
-825	825	1100	636	-212	-850		12.4 0
3.06
-848	0	850	212	0	-850		12.4 0
3.06
-848	0	850	424	0	-850		12.4 0
0.88
-848	0	850	636	0	-850		12.4 0
0.44
-848	636	850	275	-550	-1100		12.4 0
0.06
-848	636	850	424	-424	-850		12.4 0
1.68
-848	636	850	600	0	-600		12.4 0
1.08
-848	848	850	275	-550	-1100		12.4 0
0.6
-848	848	850	424	-424	-850		12.4 0
1.68
-848	848	850	550	-275	-1100		12.4 0
1.68
-848	848	850	600	0	-600		12.4 0
1.08
-848	848	850	636	-212	-850		12.4 0
1.06
0	450	600	87	-174	-350		13.2 0
1.64
0	636	850	0	-300	-600		13.2 0
1.06
0	636	850	261	-87	-350		13.2 0
1.02
-100	50	100	50	-25	-100		13.2 0
1.02
-1100	550	1100	550	-275	-1100		13.2 0
1.46
-150	450	600	0	-300	-600		13.2 0
1.46
-25	75	100	0	-50	-100		13.2 0
1.46
-275	825	1100	0	-550	-1100		13.2 0
0.98
-275	825	1100	212	-424	-850		13.2 0
0.98
-275	825	1100	450	-150	-600		13.2 0
1.42
-348	261	350	0	-300	-600		13.2 0
1.46
-424	636	850	300	-150	-600		13.2 0
0.98
-424	636	850	450	-150	-600		13.2 0
1.46
-450	450	600	300	-150	-600		13.2 0
1.46
-550	825	1100	600	0	-600		13.2 0
1.02
-600	300	600	300	-150	-600		13.2 0
1.06
-636	424	850	450	-150	-600		13.2 0
1.46
-636	636	850	0	-550	-1100		13.2 0
1.46
-636	636	850	600	0	-600		13.2 0
1.46
-75	75	100	50	-25	-100		13.2 0
1.46
-825	825	1100	550	-275	-1100		13.2 0
1.64
-848	424	850	600	0	-600		13.2 0
2.0
0	100	100	0	-75	-100		13.6 0
2.0
0	1100	1100	0	-825	-1100		13.6 0
1.8
0	1100	1100	212	-636	-850		13.6 0
1.82
0	1100	1100	300	-300	-600		13.6 0
1.8
0	1100	1100	450	-300	-600		13.6 0
1.8
0	1100	1100	450	-450	-600		13.6 0
1.36
0	150	600	0	-212	-850		13.6 0
1.64
0	150	600	0	-275	-1100		13.6 0
1.6
0	150	600	150	0	-600		13.6 0
1.04
0	150	600	212	0	-850		13.6 0
2.84
0	150	600	275	0	-1100		13.6 0
0.9
0	212	850	0	-275	-1100		13.6 0
1.62
0	212	850	212	0	-850		13.6 0
0.7
0	212	850	212	-212	-850		13.6 0
1.14
0	212	850	275	0	-1100		13.6 0
1.2
0	212	850	424	0	-850		13.6 0
1.6
0	25	100	25	0	-100		13.6 0
1.6
0	275	1100	275	0	-1100		13.6 0
1.62
0	275	1100	424	0	-850		13.6 0
2.0
0	600	600	0	-450	-600		13.6 0
1.8
0	600	600	174	-261	-350		13.6 0
2.4
0	87	350	0	-150	-600		13.6 0
1.2
0	87	350	150	0	-600		13.6 0
1.2
0	87	350	174	0	-350		13.6 0
1.62
0	87	350	87	0	-350		13.6 0
0.7
0	87	350	87	-87	-350		13.6 0
2.0
-100	100	100	100	-50	-100		13.6 0
2.0
-100	100	100	100	-75	-100		13.6 0
1.8
-100	100	100	75	-50	-100		13.6 0
2.0
-1100	1100	1100	1100	-550	-1100		13.6 0
2.0
-1100	1100	1100	1100	-825	-1100		13.6 0
1.8
-1100	1100	1100	825	-550	-1100		13.6 0
1.18
-150	0	600	0	-212	-850		13.6 0
1.14
-150	0	600	0	-275	-1100		13.6 0
1.6
-150	0	600	212	0	-850		13.6 0
0.94
-150	0	600	212	-212	-850		13.6 0
2.2
-150	0	600	275	0	-1100		13.6 0
2.82
-150	0	600	300	0	-600		13.6 0
1.64
-150	0	600	424	0	-850		13.6 0
2.0
-150	600	600	150	-450	-600		13.6 0
1.8
-150	600	600	261	-174	-350		13.6 0
1.8
-150	600	600	348	-174	-350		13.6 0
1.8
-150	600	600	348	-261	-350		13.6 0
2.72
-174	0	350	0	-150	-600		13.6 0
1.08
-174	0	350	150	0	-600		13.6 0
1.18
-212	0	850	275	0	-1100		13.6 0
2.22
-212	0	850	424	0	-850		13.6 0
1.88
-212	0	850	550	0	-1100		13.6 0
0.7
-212	0	850	636	0	-850		13.6 0
2.82
-25	0	100	50	0	-100		13.6 0
2.0
-25	100	100	25	-75	-100		13.6 0
2.82
-275	0	1100	550	0	-1100		13.6 0
2.0
-275	1100	1100	275	-825	-1100		13.6 0
1.8
-275	1100	1100	424	-636	-850		13.6 0
1.8
-275	1100	1100	600	-300	-600		13.6 0
1.12
-300	0	600	0	-275	-1100		13.6 0
0.6
-300	0	600	212	0	-850		13.6 0
1.08
-300	0	600	275	0	-1100		13.6 0
1.88
-300	600	600	0	-636	-850		13.6 0
2.02
-300	600	600	300	-300	-600		13.6 0
2.0
-300	600	600	300	-450	-600		13.6 0
2.72
-424	0	850	275	0	-1100		13.6 0
1.88
-450	600	600	0	-636	-850		13.6 0
1.82
-450	600	600	300	-300	-600		13.6 0
2.0
-450	600	600	450	-300	-600		13.6 0
2.0
-450	600	600	450	-450	-600		13.6 0
2.02
-50	100	100	50	-50	-100		13.6 0
2.0
-50	100	100	50	-75	-100		13.6 0
2.02
-550	1100	1100	550	-550	-1100		13.6 0
2.0
-550	1100	1100	550	-825	-1100		13.6 0
1.8
-550	1100	1100	636	-424	-850		13.6 0
1.8
-550	1100	1100	636	-636	-850		13.6 0
1.88
-600	600	600	0	-825	-1100		13.6 0
1.88
-600	600	600	212	-636	-850		13.6 0
1.8
-600	600	600	450	-300	-600		13.6 0
2.0
-600	600	600	600	-300	-600		13.6 0
2.0
-600	600	600	600	-450	-600		13.6 0
1.82
-75	100	100	50	-50	-100		13.6 0
2.0
-75	100	100	75	-50	-100		13.6 0
2.0
-75	100	100	75	-75	-100		13.6 0
1.82
-825	1100	1100	550	-550	-1100		13.6 0
2.0
-825	1100	1100	825	-550	-1100		13.6 0
2.0
-825	1100	1100	825	-825	-1100		13.6 0
1.8
-825	1100	1100	848	-424	-850		13.6 0
1.08
-87	0	350	0	-150	-600		13.6 0
2.04
-87	0	350	0	-212	-850		13.6 0
1.62
-87	0	350	150	0	-600		13.6 0
2.22
-87	0	350	174	0	-350		13.6 0
2.92
-87	0	350	212	0	-850		13.6 0
0.7
-87	0	350	261	0	-350		13.6 0
1.44
-212	212	850	275	-275	-1100		14.0 0
0.82
-212	212	850	424	-212	-850		14.0 0
1.48
-261	0	350	150	-150	-600		14.0 0
0.82
-261	0	350	348	0	-350		14.0 0
1.46
-275	275	1100	636	0	-850		14.0 0
1.48
-450	0	600	275	-275	-1100		14.0 0
1.44
-636	0	850	825	0	-1100		14.0 0
0.82
-636	0	850	848	0	-850		14.0 0
0.82
-87	87	350	174	-87	-350		14.0 0
0.08
0	150	600	275	-275	-1100		14.4 0
1.38
0	150	600	424	-212	-850		14.4 0
1.48
0	150	600	550	0	-1100		14.4 0
1.24
0	150	600	636	0	-850		14.4 0
0.64
0	150	600	825	0	-1100		14.4 0
2.76
0	150	600	848	0	-850		14.4 0
2.16
0	174	350	0	-174	-350		14.4 0
2.76
0	174	350	0	-212	-850		14.4 0
2.78
0	174	350	0	-275	-1100		14.4 0
-0.04
0	174	350	0	-424	-850		14.4 0
1.48
0	174	350	150	-150	-600		14.4 0
2.82
0	174	350	212	0	-850		14.4 0
2.2
0	174	350	212	-212	-850		14.4 0
2.94
0	174	350	261	0	-350		14.4 0
0.64
0	174	350	261	-348	-350		14.4 0
3.22
0	174	350	275	0	-1100		14.4 0
0.92
0	174	350	275	-275	-1100		14.4 0
2.2
0	174	350	300	0	-600		14.4 0
2.94
0	174	350	348	0	-350		14.4 0
0.64
0	174	350	348	-348	-350		14.4 0
1.62
0	174	350	424	0	-850		14.4 0
3.5
0	174	350	424	-212	-850		14.4 0
1.92
0	174	350	450	0	-600		14.4 0
1.74
0	174	350	550	0	-1100		14.4 0
0.88
0	174	350	636	0	-850		14.4 0
1.74
0	174	350	825	0	-1100		14.4 0
3.24
0	174	350	848	0	-850		14.4 0
0.0
0	212	850	825	0	-1100		14.4 0
3.28
0	212	850	848	0	-850		14.4 0
3.4
0	25	100	0	-150	-600		14.4 0
2.44
0	25	100	0	-174	-350		14.4 0
1.82
0	25	100	0	-212	-850		14.4 0
1.78
0	25	100	0	-275	-1100		14.4 0
2.86
0	25	100	0	-424	-850		14.4 0
2.64
0	25	100	0	-87	-350		14.4 0
3.4
0	25	100	150	0	-600		14.4 0
1.78
0	25	100	150	-150	-600		14.4 0
2.28
0	25	100	174	0	-350		14.4 0
3.2
0	25	100	174	-87	-350		14.4 0
1.78
0	25	100	212	0	-850		14.4 0
1.78
0	25	100	212	-212	-850		14.4 0
1.74
0	25	100	261	0	-350		14.4 0
1.74
0	25	100	275	0	-1100		14.4 0
1.78
0	25	100	275	-275	-1100		14.4 0
1.74
0	25	100	300	0	-600		14.4 0
2.86
0	25	100	348	0	-350		14.4 0
1.74
0	25	100	424	0	-850		14.4 0
2.86
0	25	100	424	-212	-850		14.4 0
1.74
0	25	100	450	0	-600		14.4 0
1.74
0	25	100	550	0	-1100		14.4 0
1.74
0	25	100	636	0	-850		14.4 0
1.74
0	25	100	825	0	-1100		14.4 0
2.86
0	25	100	848	0	-850		14.4 0
2.56
0	25	100	87	0	-350		14.4 0
1.8
0	25	100	87	-87	-350		14.4 0
1.72
0	275	1100	848	0	-850		14.4 0
2.16
0	424	850	0	-424	-850		14.4 0
1.44
0	424	850	550	0	-1100		14.4 0
2.94
0	424	850	636	0	-850		14.4 0
0.64
0	424	850	636	-848	-850		14.4 0
1.48
0	424	850	825	0	-1100		14.4 0
2.94
0	424	850	848	0	-850		14.4 0
0.64
0	424	850	848	-848	-850		14.4 0
2.64
0	87	350	0	-275	-1100		14.4 0
1.38
0	87	350	0	-424	-850		14.4 0
0.08
0	87	350	150	-150	-600		14.4 0
0.52
0	87	350	212	-212	-850		14.4 0
2.56
0	87	350	275	0	-1100		14.4 0
1.8
0	87	350	275	-275	-1100		14.4 0
1.2
0	87	350	300	0	-600		14.4 0
3.28
0	87	350	348	0	-350		14.4 0
1.78
0	87	350	424	0	-850		14.4 0
3.66
0	87	350	424	-212	-850		14.4 0
1.28
0	87	350	450	0	-600		14.4 0
2.28
0	87	350	550	0	-1100		14.4 0
1.52
0	87	350	636	0	-850		14.4 0
1.74
0	87	350	825	0	-1100		14.4 0
3.46
0	87	350	848	0	-850		14.4 0
1.68
-150	0	600	424	-212	-850		14.4 0
1.16
-150	0	600	636	0	-850		14.4 0
1.28
-150	0	600	825	0	-1100		14.4 0
1.28
-150	0	600	848	0	-850		14.4 0
2.16
-150	150	600	150	-150	-600		14.4 0
1.94
-150	150	600	275	-275	-1100		14.4 0
2.84
-150	150	600	424	-212	-850		14.4 0
-0.1
-150	150	600	424	-848	-850		14.4 0
2.2
-150	150	600	550	0	-1100		14.4 0
-0.36
-150	150	600	636	0	-850		14.4 0
0.44
-150	150	600	636	-636	-850		14.4 0
2.72
-150	150	600	825	0	-1100		14.4 0
0.94
-150	150	600	848	0	-850		14.4 0
1.68
-174	0	350	0	-424	-850		14.4 0
1.18
-174	0	350	212	-212	-850		14.4 0
1.2
-174	0	350	275	-275	-1100		14.4 0
2.26
-174	0	350	424	0	-850		14.4 0
0.98
-174	0	350	424	-212	-850		14.4 0
1.9
-174	0	350	450	0	-600		14.4 0
1.28
-174	0	350	550	0	-1100		14.4 0
1.24
-174	0	350	636	0	-850		14.4 0
1.24
-174	0	350	825	0	-1100		14.4 0
2.36
-174	0	350	848	0	-850		14.4 0
2.76
-174	87	350	0	-275	-1100		14.4 0
0.64
-174	87	350	0	-848	-850		14.4 0
2.16
-174	87	350	174	-87	-350		14.4 0
0.0
-174	87	350	212	-212	-850		14.4 0
2.82
-174	87	350	275	0	-1100		14.4 0
2.2
-174	87	350	275	-275	-1100		14.4 0
1.12
-174	87	350	300	0	-600		14.4 0
2.2
-174	87	350	424	0	-850		14.4 0
-0.04
-174	87	350	424	-212	-850		14.4 0
0.04
-174	87	350	450	0	-600		14.4 0
1.62
-174	87	350	550	0	-1100		14.4 0
1.92
-174	87	350	636	0	-850		14.4 0
0.88
-174	87	350	825	0	-1100		14.4 0
3.5
-174	87	350	848	0	-850		14.4 0
0.46
-212	212	850	212	-212	-850		14.4 0
1.9
-212	212	850	825	0	-1100		14.4 0
1.54
-212	212	850	848	0	-850		14.4 0
2.0
-25	0	100	0	-150	-600		14.4 0
1.94
-25	0	100	0	-174	-350		14.4 0
2.28
-25	0	100	0	-212	-850		14.4 0
1.82
-25	0	100	0	-275	-1100		14.4 0
2.86
-25	0	100	0	-424	-850		14.4 0
1.96
-25	0	100	150	0	-600		14.4 0
2.16
-25	0	100	150	-150	-600		14.4 0
1.84
-25	0	100	174	0	-350		14.4 0
3.66
-25	0	100	174	-87	-350		14.4 0
2.28
-25	0	100	212	0	-850		14.4 0
1.78
-25	0	100	212	-212	-850		14.4 0
1.48
-25	0	100	261	0	-350		14.4 0
1.78
-25	0	100	275	0	-1100		14.4 0
1.78
-25	0	100	275	-275	-1100		14.4 0
2.12
-25	0	100	300	0	-600		14.4 0
3.2
-25	0	100	348	0	-350		14.4 0
1.74
-25	0	100	424	0	-850		14.4 0
2.86
-25	0	100	424	-212	-850		14.4 0
1.74
-25	0	100	450	0	-600		14.4 0
1.74
-25	0	100	550	0	-1100		14.4 0
1.74
-25	0	100	636	0	-850		14.4 0
1.74
-25	0	100	825	0	-1100		14.4 0
2.86
-25	0	100	848	0	-850		14.4 0
0.52
-25	0	100	87	-87	-350		14.4 0
3.4
-25	25	100	0	-150	-600		14.4 0
2.26
-25	25	100	0	-174	-350		14.4 0
1.82
-25	25	100	0	-212	-850		14.4 0
1.78
-25	25	100	0	-275	-1100		14.4 0
2.86
-25	25	100	0	-424	-850		14.4 0
2.64
-25	25	100	0	-87	-350		14.4 0
3.4
-25	25	100	150	0	-600		14.4 0
1.78
-25	25	100	150	-150	-600		14.4 0
2.28
-25	25	100	174	0	-350		14.4 0
3.5
-25	25	100	174	-87	-350		14.4 0
1.78
-25	25	100	212	0	-850		14.4 0
1.78
-25	25	100	212	-212	-850		14.4 0
2.16
-25	25	100	25	-25	-100		14.4 0
1.74
-25	25	100	261	0	-350		14.4 0
1.74
-25	25	100	275	0	-1100		14.4 0
1.78
-25	25	100	275	-275	-1100		14.4 0
1.74
-25	25	100	300	0	-600		14.4 0
2.86
-25	25	100	348	0	-350		14.4 0
1.74
-25	25	100	424	0	-850		14.4 0
2.86
-25	25	100	424	-212	-850		14.4 0
1.74
-25	25	100	450	0	-600		14.4 0
1.74
-25	25	100	550	0	-1100		14.4 0
1.74
-25	25	100	636	0	-850		14.4 0
1.74
-25	25	100	825	0	-1100		14.4 0
2.86
-25	25	100	848	0	-850		14.4 0
3.12
-25	25	100	87	0	-350		14.4 0
1.1
-25	25	100	87	-87	-350		14.4 0
1.94
-261	0	350	212	-212	-850		14.4 0
-0.52
-261	0	350	212	-848	-850		14.4 0
2.16
-261	0	350	261	0	-350		14.4 0
0.14
-261	0	350	275	-275	-1100		14.4 0
1.48
-261	0	350	424	0	-850		14.4 0
0.98
-261	0	350	424	-212	-850		14.4 0
2.7
-261	0	350	450	0	-600		14.4 0
1.62
-261	0	350	550	0	-1100		14.4 0
0.44
-261	0	350	600	-450	-600		14.4 0
1.16
-261	0	350	636	0	-850		14.4 0
2.12
-261	0	350	825	0	-1100		14.4 0
0.0
-261	0	350	848	0	-850		14.4 0
2.16
-275	275	1100	275	-275	-1100		14.4 0
0.08
-300	0	600	300	0	-600		14.4 0
1.68
-300	0	600	424	-212	-850		14.4 0
1.68
-300	0	600	636	0	-850		14.4 0
1.9
-300	0	600	825	0	-1100		14.4 0
1.92
-300	0	600	848	0	-850		14.4 0
0.02
-348	0	350	212	-848	-850		14.4 0
0.0
-348	0	350	275	-275	-1100		14.4 0
2.16
-348	0	350	348	0	-350		14.4 0
1.16
-348	0	350	424	0	-850		14.4 0
0.02
-348	0	350	424	-848	-850		14.4 0
2.24
-348	0	350	550	0	-1100		14.4 0
0.64
-348	0	350	600	-450	-600		14.4 0
0.04
-348	0	350	636	0	-850		14.4 0
1.92
-348	0	350	825	0	-1100		14.4 0
-0.04
-348	0	350	848	0	-850		14.4 0
0.64
-424	212	850	1100	-825	-1100		14.4 0
2.16
-424	212	850	424	-212	-850		14.4 0
0.86
-450	0	600	1100	-825	-1100		14.4 0
2.16
-450	0	600	450	0	-600		14.4 0
-0.36
-450	0	600	825	0	-1100		14.4 0
-0.52
-450	0	600	848	-848	-850		14.4 0
2.88
-50	0	100	0	-150	-600		14.4 0
0.98
-50	0	100	0	-174	-350		14.4 0
2.28
-50	0	100	0	-212	-850		14.4 0
1.82
-50	0	100	0	-275	-1100		14.4 0
2.86
-50	0	100	0	-424	-850		14.4 0
2.92
-50	0	100	150	0	-600		14.4 0
2.16
-50	0	100	150	-150	-600		14.4 0
1.28
-50	0	100	174	0	-350		14.4 0
3.66
-50	0	100	174	-87	-350		14.4 0
2.28
-50	0	100	212	0	-850		14.4 0
1.78
-50	0	100	212	-212	-850		14.4 0
1.48
-50	0	100	261	0	-350		14.4 0
1.78
-50	0	100	275	0	-1100		14.4 0
1.78
-50	0	100	275	-275	-1100		14.4 0
2.12
-50	0	100	300	0	-600		14.4 0
3.5
-50	0	100	348	0	-350		14.4 0
1.74
-50	0	100	424	0	-850		14.4 0
2.86
-50	0	100	424	-212	-850		14.4 0
1.74
-50	0	100	450	0	-600		14.4 0
0.08
-50	0	100	50	0	-100		14.4 0
1.74
-50	0	100	550	0	-1100		14.4 0
1.74
-50	0	100	636	0	-850		14.4 0
1.74
-50	0	100	825	0	-1100		14.4 0
2.86
-50	0	100	848	0	-850		14.4 0
0.6
-50	0	100	87	-87	-350		14.4 0
0.08
-550	0	1100	550	0	-1100		14.4 0
2.16
-636	0	850	636	0	-850		14.4 0
2.78
-75	0	100	0	-150	-600		14.4 0
-0.36
-75	0	100	0	-174	-350		14.4 0
2.28
-75	0	100	0	-212	-850		14.4 0
2.28
-75	0	100	0	-275	-1100		14.4 0
3.24
-75	0	100	0	-424	-850		14.4 0
3.22
-75	0	100	150	0	-600		14.4 0
1.9
-75	0	100	150	-150	-600		14.4 0
2.8
-75	0	100	174	0	-350		14.4 0
1.9
-75	0	100	174	-87	-350		14.4 0
2.28
-75	0	100	212	0	-850		14.4 0
1.78
-75	0	100	212	-212	-850		14.4 0
1.24
-75	0	100	261	0	-350		14.4 0
2.28
-75	0	100	275	0	-1100		14.4 0
1.78
-75	0	100	275	-275	-1100		14.4 0
2.12
-75	0	100	300	0	-600		14.4 0
3.5
-75	0	100	348	0	-350		14.4 0
1.74
-75	0	100	424	0	-850		14.4 0
2.86
-75	0	100	424	-212	-850		14.4 0
1.74
-75	0	100	450	0	-600		14.4 0
1.74
-75	0	100	550	0	-1100		14.4 0
1.74
-75	0	100	636	0	-850		14.4 0
2.16
-75	0	100	75	0	-100		14.4 0
1.74
-75	0	100	825	0	-1100		14.4 0
2.86
-75	0	100	848	0	-850		14.4 0
0.18
-75	0	100	87	-87	-350		14.4 0
2.16
-825	0	1100	825	0	-1100		14.4 0
2.16
-848	0	850	848	0	-850		14.4 0
2.9
-87	0	350	0	-424	-850		14.4 0
0.06
-87	0	350	212	-212	-850		14.4 0
0.52
-87	0	350	275	-275	-1100		14.4 0
1.48
-87	0	350	424	0	-850		14.4 0
1.94
-87	0	350	424	-212	-850		14.4 0
1.28
-87	0	350	450	0	-600		14.4 0
1.84
-87	0	350	550	0	-1100		14.4 0
0.56
-87	0	350	636	0	-850		14.4 0
1.48
-87	0	350	825	0	-1100		14.4 0
3.66
-87	0	350	848	0	-850		14.4 0
2.62
-87	87	350	0	-275	-1100		14.4 0
2.84
-87	87	350	0	-424	-850		14.4 0
1.94
-87	87	350	150	-150	-600		14.4 0
0.18
-87	87	350	212	-212	-850		14.4 0
2.72
-87	87	350	275	0	-1100		14.4 0
1.1
-87	87	350	275	-275	-1100		14.4 0
1.44
-87	87	350	300	0	-600		14.4 0
1.54
-87	87	350	348	0	-350		14.4 0
1.58
-87	87	350	424	0	-850		14.4 0
1.9
-87	87	350	424	-212	-850		14.4 0
1.16
-87	87	350	450	0	-600		14.4 0
2.36
-87	87	350	550	0	-1100		14.4 0
1.28
-87	87	350	636	0	-850		14.4 0
1.86
-87	87	350	825	0	-1100		14.4 0
3.5
-87	87	350	848	0	-850		14.4 0
0.46
-87	87	350	87	-87	-350		14.4 0
2.16
0	150	600	150	-150	-600		16.0 0
0.06
0	150	600	212	-212	-850		16.0 0
1.9
0	150	600	300	0	-600		16.0 0
1.9
0	150	600	424	0	-850		16.0 0
2.9
0	212	850	275	-275	-1100		16.0 0
2.06
0	212	850	424	-212	-850		16.0 0
2.1
0	212	850	550	0	-1100		16.0 0
2.06
0	212	850	636	0	-850		16.0 0
2.16
0	25	100	25	-25	-100		16.0 0
1.9
0	25	100	50	0	-100		16.0 0
2.16
0	275	1100	275	-275	-1100		16.0 0
1.9
0	275	1100	550	0	-1100		16.0 0
1.26
0	275	1100	636	0	-850		16.0 0
2.36
0	87	350	0	-212	-850		16.0 0
2.06
0	87	350	174	-87	-350		16.0 0
1.82
0	87	350	212	0	-850		16.0 0
2.06
0	87	350	261	0	-350		16.0 0
0.52
-150	0	600	275	-275	-1100		16.0 0
3.08
-150	0	600	450	0	-600		16.0 0
1.98
-150	0	600	550	0	-1100		16.0 0
1.4
-150	150	600	212	-212	-850		16.0 0
1.24
-150	150	600	424	0	-850		16.0 0
2.04
-174	0	350	0	-212	-850		16.0 0
1.26
-174	0	350	0	-275	-1100		16.0 0
1.6
-174	0	350	150	-150	-600		16.0 0
1.14
-174	0	350	212	0	-850		16.0 0
1.76
-174	0	350	261	0	-350		16.0 0
1.54
-174	0	350	275	0	-1100		16.0 0
1.24
-174	0	350	300	0	-600		16.0 0
1.76
-174	0	350	348	0	-350		16.0 0
0.06
-212	0	850	825	0	-1100		16.0 0
2.06
-212	0	850	848	0	-850		16.0 0
0.92
-212	212	850	550	0	-1100		16.0 0
1.4
-212	212	850	636	0	-850		16.0 0
3.4
-25	0	100	0	-87	-350		16.0 0
3.08
-25	0	100	75	0	-100		16.0 0
1.9
-25	0	100	87	0	-350		16.0 0
-0.22
-261	0	350	0	-275	-1100		16.0 0
0.82
-261	0	350	275	0	-1100		16.0 0
2.4
-261	0	350	300	0	-600		16.0 0
3.08
-275	0	1100	825	0	-1100		16.0 0
1.28
-300	0	600	212	-212	-850		16.0 0
1.6
-300	0	600	275	-275	-1100		16.0 0
2.4
-300	0	600	424	0	-850		16.0 0
-0.7
-300	0	600	450	0	-600		16.0 0
1.24
-300	0	600	550	0	-1100		16.0 0
1.88
-424	0	850	550	0	-1100		16.0 0
1.76
-424	0	850	636	0	-850		16.0 0
1.52
-424	0	850	825	0	-1100		16.0 0
1.76
-424	0	850	848	0	-850		16.0 0
1.24
-450	0	600	550	0	-1100		16.0 0
1.74
-50	0	100	0	-87	-350		16.0 0
-0.7
-50	0	100	75	0	-100		16.0 0
1.3
-50	0	100	87	0	-350		16.0 0
-0.7
-550	0	1100	825	0	-1100		16.0 0
1.26
-75	0	100	0	-87	-350		16.0 0
1.54
-75	0	100	87	0	-350		16.0 0
2.36
-87	0	350	0	-275	-1100		16.0 0
0.32
-87	0	350	150	-150	-600		16.0 0
1.9
-87	0	350	275	0	-1100		16.0 0
1.98
-87	0	350	300	0	-600		16.0 0
2.06
-87	0	350	348	0	-350		16.0 0
0.72
-87	87	350	0	-212	-850		16.0 0
1.5
-87	87	350	212	0	-850		16.0 0
1.4
-87	87	350	261	0	-350		16.0 0
